767
683
393
514
140
807
851
100
396
319
270
701
543
792
337
718
597
763
897
103
42
933
281
632
96
788
359
953
29
736
694
791
411
584
480
85
539
541
65
292
133
144
618
263
411
25
434
33
53
758
876
862
852
224
680
960
791
673
151
108
838
438
120
914
773
170
272
214
355
476
542
877
154
358
533
821
515
940
426
341
936
955
272
911
593
981
552
336
764
356
86
648
265
486
110
382
845
610
620
279
736
806
399
480
161
316
160
342
927
678
5
626
589
346
747
582
476
874
178
717
392
631
164
709
77
853
815
601
548
503
247
259
632
340
886
376
950
329
994
608
478
491
536
70
233
607
751
727
371
792
331
499
324
686
933
26
372
135
119
291
290
127
771
922
744
16
237
391
196
390
345
226
818
138
903
573
698
698
159
783
350
919
44
668
507
298
529
596
699
169
466
288
964
48
894
679
124
662
516
347
395
853
940
240
42
417
418
180
794
66
220
809
131
853
660
865
16
674
27
938
931
926
612
840
980
895
984
723
202
419
719
560
957
386
233
636
107
677
386
271
938
225
679
266
58
405
118
713
170
616
977
784
955
444
138
424
168
382
178
543
824
132
391
55
691
922
953
810
639
516
403
699
388
80
806
580
171
463
987
502
461
294
821
873
439
238
937
89
858
844
815
230
354
186
574
55
448
922
751
271
277
964
170
943
688
475
164
645
804
739
245
916
35
616
451
523
11
833
544
165
397
310
843
466
161
186
67
207
793
793
563
533
609
872
508
618
843
246
695
172
761
409
69
451
934
497
349
79
39
323
459
170
834
753
297
764
946
849
232
381
144
482
524
947
339
710
331
758
673
345
74
118
120
21
208
357
90
397
33
610
904
713
574
978
932
656
837
13
117
965
111
306
420
990
447
640
361
249
209
507
428
978
841
616
966
553
986
341
135
117
612
487
281
29
702
707
856
733
808
488
540
477
870
569
212
84
691
89
771
60
566
195
675
493
609
976
553
319
406
201
497
342
540
403
790
585
379
141
899
230
795
910
84
867
267
968
192
577
422
907
763
177
93
287
527
872
961
875
783
786
130
585
971
992
237
230
822
50
869
770
106
517
456
725
409
153
64
920
582
346
303
921
381
580
241
533
251
44
544
429
414
952
84
754
309
421
771
347
734
880
852
682
873
615
248
822
187
667
809
377
233
417
876
296
530
973
924
764
690
220
241
262
473
317
503
665
27
336
320
685
559
60
10
252
178
693
198
164
953
452
356
435
489
966
328
418
154
706
630
203
801
710
495
223
968
680
772
752
901
362
989
920
956
983
776
141
170
215
206
454
743
288
662
999
353
76
866
52
744
270
238
583
284
254
542
845
192
33
178
783
97
485
394
452
636
276
807
851
100
396
319
270
701
543
792
337
718
597
763
897
103
42
933
281
632
96
788
359
953
29
736
694
791
411
584
480
85
539
541
65
292
133
144
618
263
411
25
434
33
53
758
876
862
852
224
680
960
791
673
151
108
838
438
120
914
773
170
272
214
355
476
542
877
154
358
533
821
515
940
426
341
936
955
272
911
593
981
552
336
764
356
86
648
265
486
110
382
845
610
620
279
736
806
399
480
161
316
160
342
927
678
5
626
589
346
747
582
476
874
178
717
392
631
164
709
77
853
815
601
548
503
247
259
632
340
886
376
950
329
994
608
478
491
536
70
233
607
751
727
371
792
331
499
324
686
933
26
372
135
119
291
290
127
771
922
744
16
237
391
196
390
345
226
818
138
903
573
698
698
159
783
350
919
44
668
507
298
529
596
699
169
466
288
964
48
894
679
124
662
516
347
395
853
940
240
42
417
418
180
794
66
220
809
131
853
660
865
16
674
27
938
931
926
612
840
980
895
984
723
202
419
719
560
957
386
233
636
107
677
386
271
938
225
679
266
58
405
118
713
170
616
977
784
955
444
138
424
168
382
178
543
824
132
391
55
691
922
953
810
639
516
403
699
388
80
806
580
171
463
987
502
461
294
821
873
439
238
937
89
858
844
815
230
354
186
574
55
448
922
751
271
277
964
170
943
688
475
164
645
804
739
245
916
35
616
451
523
11
833
544
165
397
310
843
466
161
186
67
207
793
793
563
533
609
872
508
618
843
246
695
172
761
409
69
451
934
497
349
79
39
323
459
170
834
753
297
764
946
849
232
381
144
482
524
947
339
710
331
758
673
345
74
118
120
21
208
357
90
397
33
610
904
713
574
978
932
656
837
13
117
965
111
306
420
990
447
640
361
249
209
507
428
978
841
616
966
553
986
341
135
117
612
487
281
29
702
707
856
733
808
488
540
477
870
569
212
84
691
89
771
60
566
195
675
493
609
976
553
319
406
201
497
342
540
403
790
585
379
141
899
230
795
910
84
867
267
968
192
577
422
907
763
177
93
287
527
872
961
875
783
786
130
585
971
992
237
230
822
50
869
770
106
517
456
725
409
153
64
920
582
346
303
921
381
580
241
533
251
44
544
429
414
952
84
754
309
421
771
347
734
880
852
682
873
615
248
822
187
667
809
377
233
417
876
296
530
973
924
764
690
220
241
262
473
317
503
665
27
336
320
685
559
60
10
252
178
693
198
164
953
452
356
435
489
966
328
418
154
706
630
203
801
710
495
223
968
680
772
752
901
362
989
920
956
983
776
141
170
215
206
454
743
288
662
999
353
76
866
52
744
270
238
583
284
254
542
845
192
33
178
783
97
485
394
452
636
276
807
851
100
396
319
270
701
543
792
337
718
597
763
897
103
42
933
281
632
96
788
359
953
29
736
694
791
411
584
480
85
539
541
65
292
133
144
618
263
411
25
434
33
53
758
876
862
852
224
680
960
791
673
151
108
838
438
120
914
773
170
272
214
355
476
542
877
154
358
533
821
515
940
426
341
936
955
272
911
593
981
552
336
764
356
86
648
265
486
110
382
845
610
620
279
736
806
399
480
161
316
160
342
927
678
5
626
589
346
747
582
476
874
178
717
392
631
164
709
77
853
815
601
548
503
247
259
632
340
886
376
950
329
994
608
478
491
536
70
233
607
751
727
371
792
331
499
324
686
933
26
372
135
119
291
290
127
771
922
744
16
237
391
196
390
345
226
818
138
903
573
698
698
159
783
350
919
44
668
507
298
529
596
699
169
466
288
964
48
894
679
124
662
516
347
395
853
940
240
42
417
418
180
794
66
220
809
131
853
660
865
16
674
27
938
931
926
612
840
980
895
984
723
202
419
719
560
957
386
233
636
107
677
386
271
938
225
679
266
58
405
118
713
170
616
977
784
955
444
138
424
168
382
178
543
824
132
391
55
691
922
953
810
639
516
403
699
388
80
806
580
171
463
987
502
461
294
821
873
439
238
937
89
858
844
815
230
354
186
574
55
448
922
751
271
277
964
170
943
688
475
164
645
804
739
245
916
35
616
451
523
11
833
544
165
397
310
843
466
161
186
67
207
793
793
563
533
609
872
508
618
843
246
695
172
761
409
69
451
934
497
349
79
39
323
459
170
834
753
297
764
946
849
232
381
144
482
524
947
339
710
331
758
673
345
74
118
120
21
208
357
90
397
33
610
904
713
574
978
932
656
837
13
117
965
111
306
420
990
447
640
361
249
209
507
428
978
841
616
966
553
986
341
135
117
612
487
281
29
702
707
856
733
808
488
540
477
870
569
212
84
691
89
771
60
566
195
675
493
609
976
553
319
406
201
497
342
540
403
790
585
379
141
899
230
795
910
84
867
267
968
192
577
422
907
763
177
93
287
527
872
961
875
783
786
130
585
971
992
237
230
822
50
869
770
106
517
456
725
409
153
64
920
582
346
303
921
381
580
241
533
251
44
544
429
414
952
84
754
309
421
771
347
734
880
852
682
873
615
248
822
187
667
809
377
233
417
876
296
530
973
924
764
690
220
241
262
473
317
503
665
27
336
320
685
559
60
10
252
178
693
198
164
953
452
356
435
489
966
328
418
154
706
630
203
801
710
495
223
968
680
772
752
901
362
989
920
956
983
776
141
170
215
206
454
743
288
662
999
353
76
866
52
744
270
238
583
284
254
542
845
192
33
178
783
97
485
394
452
636
276
807
851
100
396
319
270
701
543
792
337
718
597
763
897
103
42
933
281
632
96
788
359
953
29
736
694
791
411
584
480
85
539
541
65
292
133
144
618
263
411
25
434
33
53
758
876
862
852
224
680
960
791
673
151
108
838
438
120
914
773
170
272
214
355
476
542
877
154
358
533
821
515
940
426
341
936
955
272
911
593
981
552
336
764
356
86
648
265
486
110
382
845
610
620
279
736
806
399
480
161
316
160
342
927
678
5
626
589
346
747
582
476
874
178
717
392
631
164
709
77
853
815
601
548
503
247
259
632
340
886
376
950
329
994
608
478
491
536
70
233
607
751
727
371
792
331
499
324
686
933
26
372
135
119
291
290
127
771
922
744
16
237
391
196
390
345
226
818
138
903
573
698
698
159
783
350
919
44
668
507
298
529
596
699
169
466
288
964
48
894
679
124
662
516
347
395
853
940
240
42
417
418
180
794
66
220
809
131
853
660
865
16
674
27
938
931
926
612
840
980
895
984
723
202
419
719
560
957
386
233
636
107
677
386
271
938
225
679
266
58
405
118
713
170
616
977
784
955
444
138
424
168
382
178
543
824
132
391
55
691
922
953
810
639
516
403
699
388
80
806
580
171
463
987
502
461
294
821
873
439
238
937
89
858
844
815
230
354
186
574
55
448
922
751
271
277
964
170
943
688
475
164
645
804
739
245
916
35
616
451
523
11
833
544
165
397
310
843
466
161
186
67
207
793
793
563
533
609
872
508
618
843
246
695
172
761
409
69
451
934
497
349
79
39
323
459
170
834
753
297
764
946
849
232
381
144
482
524
947
339
710
331
758
673
345
74
118
120
21
208
357
90
397
33
610
904
713
574
978
932
656
837
13
117
965
111
306
420
990
447
640
361
249
209
507
428
978
841
616
966
553
986
341
135
117
612
487
281
29
702
707
856
733
808
488
540
477
870
569
212
84
691
89
771
60
566
195
675
493
609
976
553
319
406
201
497
342
540
403
790
585
379
141
899
230
795
910
84
867
267
968
192
577
422
907
763
177
93
287
527
872
961
875
783
786
130
585
971
992
237
230
822
50
869
770
106
517
456
725
409
153
64
920
582
346
303
921
381
580
241
533
251
44
544
429
414
952
84
754
309
421
771
347
734
880
852
682
873
615
248
822
187
667
809
377
233
417
876
296
530
973
924
764
690
220
241
262
473
317
503
665
27
336
320
685
559
60
10
252
178
693
198
164
953
452
356
435
489
966
328
418
154
706
630
203
801
710
495
223
968
680
772
752
901
362
989
920
956
983
776
141
170
215
206
454
743
288
662
999
353
76
866
52
744
270
238
583
284
254
542
845
192
33
178
783
97
485
394
452
636
276
807
851
100
396
319
270
701
543
792
337
718
597
763
897
103
42
933
281
632
96
788
359
953
29
736
694
791
411
584
480
85
539
541
65
292
133
144
618
263
411
25
434
33
53
758
876
862
852
224
680
960
791
673
151
108
838
438
120
914
773
170
272
214
355
476
542
877
154
358
533
821
515
940
426
341
936
955
272
911
593
981
552
336
764
356
86
648
265
486
110
382
845
610
620
279
736
806
399
480
161
316
160
342
927
678
5
626
589
346
747
582
476
874
178
717
392
631
164
709
77
853
815
601
548
503
247
259
632
340
886
376
950
329
994
608
478
491
536
70
233
607
751
727
371
792
331
499
324
686
933
26
372
135
119
291
290
127
771
922
744
16
237
391
196
390
345
226
818
138
903
573
698
698
159
783
350
919
44
668
507
298
529
596
699
169
466
288
964
48
894
679
124
662
516
347
395
853
940
240
42
417
418
180
794
66
220
809
131
853
660
865
16
674
27
938
931
926
612
840
980
895
984
723
202
419
719
560
957
386
233
636
107
677
386
271
938
225
679
266
58
405
118
713
170
616
977
784
955
444
138
424
168
382
178
543
824
132
391
55
691
922
953
810
639
516
403
699
388
80
806
580
171
463
987
502
461
294
821
873
439
238
937
89
858
844
815
230
354
186
574
55
448
922
751
271
277
964
170
943
688
475
164
645
804
739
245
916
35
616
451
523
11
833
544
165
397
310
843
466
161
186
67
207
793
793
563
533
609
872
508
618
843
246
695
172
761
409
69
451
934
497
349
79
39
323
459
170
834
753
297
764
946
849
232
381
144
482
524
947
339
710
331
758
673
345
74
118
120
21
208
357
90
397
33
610
904
713
574
978
932
656
837
13
117
965
111
306
420
990
447
640
361
249
209
507
428
978
841
616
966
553
986
341
135
117
612
487
281
29
702
707
856
733
808
488
540
477
870
569
212
84
691
89
771
60
566
195
675
493
609
976
553
319
406
201
497
342
540
403
790
585
379
141
899
230
795
910
84
867
267
968
192
577
422
907
763
177
93
287
527
872
961
875
783
786
130
585
971
992
237
230
822
50
869
770
106
517
456
725
409
153
64
920
582
346
303
921
381
580
241
533
251
44
544
429
414
952
84
754
309
421
771
347
734
880
852
682
873
615
248
822
187
667
809
377
233
417
876
296
530
973
924
764
690
220
241
262
473
317
503
665
27
336
320
685
559
60
10
252
178
693
198
164
953
452
356
435
489
966
328
418
154
706
630
203
801
710
495
223
968
680
772
752
901
362
989
920
956
983
776
141
170
215
206
454
743
288
662
999
353
76
866
52
744
270
238
583
284
254
542
845
192
33
178
783
97
485
394
452
636
276
807
851
100
396
319
270
701
543
792
337
718
597
763
897
103
42
933
281
632
96
788
359
953
29
736
694
791
411
584
480
85
539
541
65
292
133
144
618
263
411
25
434
33
53
758
876
862
852
224
680
960
791
673
151
108
838
438
120
914
773
170
272
214
355
476
542
877
154
358
533
821
515
940
426
341
936
955
272
911
593
981
552
336
764
356
86
648
265
486
110
382
845
610
620
279
736
806
399
480
161
316
160
342
927
678
5
626
589
346
747
582
476
874
178
717
392
631
164
709
77
853
815
601
548
503
247
259
632
340
886
376
950
329
994
608
478
491
536
70
233
607
751
727
371
792
331
499
324
686
933
26
372
135
119
291
290
127
771
922
744
16
237
391
196
390
345
226
818
138
903
573
698
698
159
783
350
919
44
668
507
298
529
596
699
169
466
288
964
48
894
679
124
662
516
347
395
853
940
240
42
417
418
180
794
66
220
809
131
853
660
865
16
674
27
938
931
926
612
840
980
895
984
723
202
419
719
560
957
386
233
636
107
677
386
271
938
225
679
266
58
405
118
713
170
616
977
784
955
444
138
424
168
382
178
543
824
132
391
55
691
922
953
810
639
516
403
699
388
80
806
580
171
463
987
502
461
294
821
873
439
238
937
89
858
844
815
230
354
186
574
55
448
922
751
271
277
964
170
943
688
475
164
645
804
739
245
916
35
616
451
523
11
833
544
165
397
310
843
466
161
186
67
207
793
793
563
533
609
872
508
618
843
246
695
172
761
409
69
451
934
497
349
79
39
323
459
170
834
753
297
764
946
849
232
381
144
482
524
947
339
710
331
758
673
345
74
118
120
21
208
357
90
397
33
610
904
713
574
978
932
656
837
13
117
965
111
306
420
990
447
640
361
249
209
507
428
978
841
616
966
553
986
341
135
117
612
487
281
29
702
707
856
733
808
488
540
477
870
569
212
84
691
89
771
60
566
195
675
493
609
976
553
319
406
201
497
342
540
403
790
585
379
141
899
230
795
910
84
867
267
968
192
577
422
907
763
177
93
287
527
872
961
875
783
786
130
585
971
992
237
230
822
50
869
770
106
517
456
725
409
153
64
920
582
346
303
921
381
580
241
533
251
44
544
429
414
952
84
754
309
421
771
347
734
880
852
682
873
615
248
822
187
667
809
377
233
417
876
296
530
973
924
764
690
220
241
262
473
317
503
665
27
336
320
685
559
60
10
252
178
693
198
164
953
452
356
435
489
966
328
418
154
706
630
203
801
710
495
223
968
680
772
752
901
362
989
920
956
983
776
141
170
215
206
454
743
288
662
999
353
76
866
52
744
270
238
583
284
254
542
845
192
33
178
783
97
485
394
452
636
276
807
851
100
396
319
270
701
543
792
337
718
597
763
897
103
42
933
281
632
96
788
359
953
29
736
694
791
411
584
480
85
539
541
65
292
133
144
618
263
411
25
434
33
53
758
876
862
852
224
680
960
791
673
151
108
838
438
120
914
773
170
272
214
355
476
542
877
154
358
533
821
515
940
426
341
936
955
272
911
593
981
552
336
764
356
86
648
265
486
110
382
845
610
620
279
736
806
399
480
161
316
160
342
927
678
5
626
589
346
747
582
476
874
178
717
392
631
164
709
77
853
815
601
548
503
247
259
632
340
886
376
950
329
994
608
478
491
536
70
233
607
751
727
371
792
331
499
324
686
933
26
372
135
119
291
290
127
771
922
744
16
237
391
196
390
345
226
818
138
903
573
698
698
159
783
350
919
44
668
507
298
529
596
699
169
466
288
964
48
894
679
124
662
516
347
395
853
940
240
42
417
418
180
794
66
220
809
131
853
660
865
16
674
27
938
931
926
612
840
980
895
984
723
202
419
719
560
957
386
233
636
107
677
386
271
938
225
679
266
58
405
118
713
170
616
977
784
955
444
138
424
168
382
178
543
824
132
391
55
691
922
953
810
639
516
403
699
388
80
806
580
171
463
987
502
461
294
821
873
439
238
937
89
858
844
815
230
354
186
574
55
448
922
751
271
277
964
170
943
688
475
164
645
804
739
245
916
35
616
451
523
11
833
544
165
397
310
843
466
161
186
67
207
793
793
563
533
609
872
508
618
843
246
695
172
761
409
69
451
934
497
349
79
39
323
459
170
834
753
297
764
946
849
232
381
144
482
524
947
339
710
331
758
673
345
74
118
120
21
208
357
90
397
33
610
904
713
574
978
932
656
837
13
117
965
111
306
420
990
447
640
361
249
209
507
428
978
841
616
966
553
986
341
135
117
612
487
281
29
702
707
856
733
808
488
540
477
870
569
212
84
691
89
771
60
566
195
675
493
609
976
553
319
406
201
497
342
540
403
790
585
379
141
899
230
795
910
84
867
267
968
192
577
422
907
763
177
93
287
527
872
961
875
783
786
130
585
971
992
237
230
822
50
869
770
106
517
456
725
409
153
64
920
582
346
303
921
381
580
241
533
251
44
544
429
414
952
84
754
309
421
771
347
734
880
852
682
873
615
248
822
187
667
809
377
233
417
876
296
530
973
924
764
690
220
241
262
473
317
503
665
27
336
320
685
559
60
10
252
178
693
198
164
953
452
356
435
489
966
328
418
154
706
630
203
801
710
495
223
968
680
772
752
901
362
989
920
956
983
776
141
170
215
206
454
743
288
662
999
353
76
866
52
744
270
238
583
284
254
542
845
192
33
178
783
97
485
394
452
636
276
807
851
100
396
319
270
701
543
792
337
718
597
763
897
103
42
933
281
632
96
788
359
953
29
736
694
791
411
584
480
85
539
541
65
292
133
144
618
263
411
25
434
33
53
758
876
862
852
224
680
960
791
673
151
108
838
438
120
914
773
170
272
214
355
476
542
877
154
358
533
821
515
940
426
341
936
955
272
911
593
981
552
336
764
356
86
648
265
486
110
382
845
610
620
279
736
806
399
480
161
316
160
342
927
678
5
626
589
346
747
582
476
874
178
717
392
631
164
709
77
853
815
601
548
503
247
259
632
340
886
376
950
329
994
608
478
491
536
70
233
607
751
727
371
792
331
499
324
686
933
26
372
135
119
291
290
127
771
922
744
16
237
391
196
390
345
226
818
138
903
573
698
698
159
783
350
919
44
668
507
298
529
596
699
169
466
288
964
48
894
679
124
662
516
347
395
853
940
240
42
417
418
180
794
66
220
809
131
853
660
865
16
674
27
938
931
926
612
840
980
895
984
723
202
419
719
560
957
386
233
636
107
677
386
271
938
225
679
266
58
405
118
713
170
616
977
784
955
444
138
424
168
382
178
543
824
132
391
55
691
922
953
810
639
516
403
699
388
80
806
580
171
463
987
502
461
294
821
873
439
238
937
89
858
844
815
230
354
186
574
55
448
922
751
271
277
964
170
943
688
475
164
645
804
739
245
916
35
616
451
523
11
833
544
165
397
310
843
466
161
186
67
207
793
793
563
533
609
872
508
618
843
246
695
172
761
409
69
451
934
497
349
79
39
323
459
170
834
753
297
764
946
849
232
381
144
482
524
947
339
710
331
758
673
345
74
118
120
21
208
357
90
397
33
610
904
713
574
978
932
656
837
13
117
965
111
306
420
990
447
640
361
249
209
507
428
978
841
616
966
553
986
341
135
117
612
487
281
29
702
707
856
733
808
488
540
477
870
569
212
84
691
89
771
60
566
195
675
493
609
976
553
319
406
201
497
342
540
403
790
585
379
141
899
230
795
910
84
867
267
968
192
577
422
907
763
177
93
287
527
872
961
875
783
786
130
585
971
992
237
230
822
50
869
770
106
517
456
725
409
153
64
920
582
346
303
921
381
580
241
533
251
44
544
429
414
952
84
754
309
421
771
347
734
880
852
682
873
615
248
822
187
667
809
377
233
417
876
296
530
973
924
764
690
220
241
262
473
317
503
665
27
336
320
685
559
60
10
252
178
693
198
164
953
452
356
435
489
966
328
418
154
706
630
203
801
710
495
223
968
680
772
752
901
362
989
920
956
983
776
141
170
215
206
454
743
288
662
999
353
76
866
52
744
270
238
583
284
254
542
845
192
33
178
783
97
485
394
452
636
276
807
851
100
396
319
270
701
543
792
337
718
597
763
897
103
42
933
281
632
96
788
359
953
29
736
694
791
411
584
480
85
539
541
65
292
133
144
618
263
411
25
434
33
53
758
876
862
852
224
680
960
791
673
151
108
838
438
120
914
773
170
272
214
355
476
542
877
154
358
533
821
515
940
426
341
936
955
272
911
593
981
552
336
764
356
86
648
265
486
110
382
845
610
620
279
736
806
399
480
161
316
160
342
927
678
5
626
589
346
747
582
476
874
178
717
392
631
164
709
77
853
815
601
548
503
247
259
632
340
886
376
950
329
994
608
478
491
536
70
233
607
751
727
371
792
331
499
324
686
933
26
372
135
119
291
290
127
771
922
744
16
237
391
196
390
345
226
818
138
903
573
698
698
159
783
350
919
44
668
507
298
529
596
699
169
466
288
964
48
894
679
124
662
516
347
395
853
940
240
42
417
418
180
794
66
220
809
131
853
660
865
16
674
27
938
931
926
612
840
980
895
984
723
202
419
719
560
957
386
233
636
107
677
386
271
938
225
679
266
58
405
118
713
170
616
977
784
955
444
138
424
168
382
178
543
824
132
391
55
691
922
953
810
639
516
403
699
388
80
806
580
171
463
987
502
461
294
821
873
439
238
937
89
858
844
815
230
354
186
574
55
448
922
751
271
277
964
170
943
688
475
164
645
804
739
245
916
35
616
451
523
11
833
544
165
397
310
843
466
161
186
67
207
793
793
563
533
609
872
508
618
843
246
695
172
761
409
69
451
934
497
349
79
39
323
459
170
834
753
297
764
946
849
232
381
144
482
524
947
339
710
331
758
673
345
74
118
120
21
208
357
90
397
33
610
904
713
574
978
932
656
837
13
117
965
111
306
420
990
447
640
361
249
209
507
428
978
841
616
966
553
986
341
135
117
612
487
281
29
702
707
856
733
808
488
540
477
870
569
212
84
691
89
771
60
566
195
675
493
609
976
553
319
406
201
497
342
540
403
790
585
379
141
899
230
795
910
84
867
267
968
192
577
422
907
763
177
93
287
527
872
961
875
783
786
130
585
971
992
237
230
822
50
869
770
106
517
456
725
409
153
64
920
582
346
303
921
381
580
241
533
251
44
544
429
414
952
84
754
309
421
771
347
734
880
852
682
873
615
248
822
187
667
809
377
233
417
876
296
530
973
924
764
690
220
241
262
473
317
503
665
27
336
320
685
559
60
10
252
178
693
198
164
953
452
356
435
489
966
328
418
154
706
630
203
801
710
495
223
968
680
772
752
901
362
989
920
956
983
776
141
170
215
206
454
743
288
662
999
353
76
866
52
744
270
238
583
284
254
542
845
192
33
178
783
97
485
394
452
636
276
807
851
100
396
319
270
701
543
792
337
718
597
763
897
103
42
933
281
632
96
788
359
953
29
736
694
791
411
584
480
85
539
541
65
292
133
144
618
263
411
25
434
33
53
758
876
862
852
224
680
960
791
673
151
108
838
438
120
914
773
170
272
214
355
476
542
877
154
358
533
821
515
940
426
341
936
955
272
911
593
981
552
336
764
356
86
648
265
486
110
382
845
610
620
279
736
806
399
480
161
316
160
342
927
678
5
626
589
346
747
582
476
874
178
717
392
631
164
709
77
853
815
601
548
503
247
259
632
340
886
376
950
329
994
608
478
491
536
70
233
607
751
727
371
792
331
499
324
686
933
26
372
135
119
291
290
127
771
922
744
16
237
391
196
390
345
226
818
138
903
573
698
698
159
783
350
919
44
668
507
298
529
596
699
169
466
288
964
48
894
679
124
662
516
347
395
853
940
240
42
417
418
180
794
66
220
809
131
853
660
865
16
674
27
938
931
926
612
840
980
895
984
723
202
419
719
560
957
386
233
636
107
677
386
271
938
225
679
266
58
405
118
713
170
616
977
784
955
444
138
424
168
382
178
543
824
132
391
55
691
922
953
810
639
516
403
699
388
80
806
580
171
463
987
502
461
294
821
873
439
238
937
89
858
844
815
230
354
186
574
55
448
922
751
271
277
964
170
943
688
475
164
645
804
739
245
916
35
616
451
523
11
833
544
165
397
310
843
466
161
186
67
207
793
793
563
533
609
872
508
618
843
246
695
172
761
409
69
451
934
497
349
79
39
323
459
170
834
753
297
764
946
849
232
381
144
482
524
947
339
710
331
758
673
345
74
118
120
21
208
357
90
397
33
610
904
713
574
978
932
656
837
13
117
965
111
306
420
990
447
640
361
249
209
507
428
978
841
616
966
553
986
341
135
117
612
487
281
29
702
707
856
733
808
488
540
477
870
569
212
84
691
89
771
60
566
195
675
493
609
976
553
319
406
201
497
342
540
403
790
585
379
141
899
230
795
910
84
867
267
968
192
577
422
907
763
177
93
287
527
872
961
875
783
786
130
585
971
992
237
230
822
50
869
770
106
517
456
725
409
153
64
920
582
346
303
921
381
580
241
533
251
44
544
429
414
952
84
754
309
421
771
347
734
880
852
682
873
615
248
822
187
667
809
377
233
417
876
296
530
973
924
764
690
220
241
262
473
317
503
665
27
336
320
685
559
60
10
252
178
693
198
164
953
452
356
435
489
966
328
418
154
706
630
203
801
710
495
223
968
680
772
752
901
362
989
920
956
983
776
141
170
215
206
454
743
288
662
999
353
76
866
52
744
270
238
583
284
254
542
845
192
33
178
783
97
485
394
452
636
276
807
851
100
396
319
270
701
543
792
337
718
597
763
897
103
42
933
281
632
96
788
359
953
29
736
694
791
411
584
480
85
539
541
65
292
133
144
618
263
411
25
434
33
53
758
876
862
852
224
680
960
791
673
151
108
838
438
120
914
773
170
272
214
355
476
542
877
154
358
533
821
515
940
426
341
936
955
272
911
593
981
552
336
764
356
86
648
265
486
110
382
845
610
620
279
736
806
399
480
161
316
160
342
927
678
5
626
589
346
747
582
476
874
178
717
392
631
164
709
77
853
815
601
548
503
247
259
632
340
886
376
950
329
994
608
478
491
536
70
233
607
751
727
371
792
331
499
324
686
933
26
372
135
119
291
290
127
771
922
744
16
237
391
196
390
345
226
818
138
903
573
698
698
159
783
350
919
44
668
507
298
529
596
699
169
466
288
964
48
894
679
124
662
516
347
395
853
940
240
42
417
418
180
794
66
220
809
131
853
660
865
16
674
27
938
931
926
612
840
980
895
984
723
202
419
719
560
957
386
233
636
107
677
386
271
938
225
679
266
58
405
118
713
170
616
977
784
955
444
138
424
168
382
178
543
824
132
391
55
691
922
953
810
639
516
403
699
388
80
806
580
171
463
987
502
461
294
821
873
439
238
937
89
858
844
815
230
354
186
574
55
448
922
751
271
277
964
170
943
688
475
164
645
804
739
245
916
35
616
451
523
11
833
544
165
397
310
843
466
161
186
67
207
793
793
563
533
609
872
508
618
843
246
695
172
761
409
69
451
934
497
349
79
39
323
459
170
834
753
297
764
946
849
232
381
144
482
524
947
339
710
331
758
673
345
74
118
120
21
208
357
90
397
33
610
904
713
574
978
932
656
837
13
117
965
111
306
420
990
447
640
361
249
209
507
428
978
841
616
966
553
986
341
135
117
612
487
281
29
702
707
856
733
808
488
540
477
870
569
212
84
691
89
771
60
566
195
675
493
609
976
553
319
406
201
497
342
540
403
790
585
379
141
899
230
795
910
84
867
267
968
192
577
422
907
763
177
93
287
527
872
961
875
783
786
130
585
971
992
237
230
822
50
869
770
106
517
456
725
409
153
64
920
582
346
303
921
381
580
241
533
251
44
544
429
414
952
84
754
309
421
771
347
734
880
852
682
873
615
248
822
187
667
809
377
233
417
876
296
530
973
924
764
690
220
241
262
473
317
503
665
27
336
320
685
559
60
10
252
178
693
198
164
953
452
356
435
489
966
328
418
154
706
630
203
801
710
495
223
968
680
772
752
901
362
989
920
956
983
776
141
170
215
206
454
743
288
662
999
353
76
866
52
744
270
238
583
284
254
542
845
192
33
178
783
97
485
394
452
636
276
807
851
100
396
319
270
701
543
792
337
718
597
763
897
103
42
933
281
632
96
788
359
953
29
736
694
791
411
584
480
85
539
541
65
292
133
144
618
263
411
25
434
33
53
758
876
862
852
224
680
960
791
673
151
108
838
438
120
914
773
170
272
214
355
476
542
877
154
358
533
821
515
940
426
341
936
955
272
911
593
981
552
336
764
356
86
648
265
486
110
382
845
610
620
279
736
806
399
480
161
316
160
342
927
678
5
626
589
346
747
582
476
874
178
717
392
631
164
709
77
853
815
601
548
503
247
259
632
340
886
376
950
329
994
608
478
491
536
70
233
607
751
727
371
792
331
499
324
686
933
26
372
135
119
291
290
127
771
922
744
16
237
391
196
390
345
226
818
138
903
573
698
698
159
783
350
919
44
668
507
298
529
596
699
169
466
288
964
48
894
679
124
662
516
347
395
853
940
240
42
417
418
180
794
66
220
809
131
853
660
865
16
674
27
938
931
926
612
840
980
895
984
723
202
419
719
560
957
386
233
636
107
677
386
271
938
225
679
266
58
405
118
713
170
616
977
784
955
444
138
424
168
382
178
543
824
132
391
55
691
922
953
810
639
516
403
699
388
80
806
580
171
463
987
502
461
294
821
873
439
238
937
89
858
844
815
230
354
186
574
55
448
922
751
271
277
964
170
943
688
475
164
645
804
739
245
916
35
616
451
523
11
833
544
165
397
310
843
466
161
186
67
207
793
793
563
533
609
872
508
618
843
246
695
172
761
409
69
451
934
497
349
79
39
323
459
170
834
753
297
764
946
849
232
381
144
482
524
947
339
710
331
758
673
345
74
118
120
21
208
357
90
397
33
610
904
713
574
978
932
656
837
13
117
965
111
306
420
990
447
640
361
249
209
507
428
978
841
616
966
553
986
341
135
117
612
487
281
29
702
707
856
733
808
488
540
477
870
569
212
84
691
89
771
60
566
195
675
493
609
976
553
319
406
201
497
342
540
403
790
585
379
141
899
230
795
910
84
867
267
968
192
577
422
907
763
177
93
287
527
872
961
875
783
786
130
585
971
992
237
230
822
50
869
770
106
517
456
725
409
153
64
920
582
346
303
921
381
580
241
533
251
44
544
429
414
952
84
754
309
421
771
347
734
880
852
682
873
615
248
822
187
667
809
377
233
417
876
296
530
973
924
764
690
220
241
262
473
317
503
665
27
336
320
685
559
60
10
252
178
693
198
164
953
452
356
435
489
966
328
418
154
706
630
203
801
710
495
223
968
680
772
752
901
362
989
920
956
983
776
141
170
215
206
454
743
288
662
999
353
76
866
52
744
270
238
583
284
254
542
845
192
33
178
783
97
485
394
452
636
276
807
851
100
396
319
270
701
543
792
337
718
597
763
897
103
42
933
281
632
96
788
359
953
29
736
694
791
411
584
480
85
539
541
65
292
133
144
618
263
411
25
434
33
53
758
876
862
852
224
680
960
791
673
151
108
838
438
120
914
773
170
272
214
355
476
542
877
154
358
533
821
515
940
426
341
936
955
272
911
593
981
552
336
764
356
86
648
265
486
110
382
845
610
620
279
736
806
399
480
161
316
160
342
927
678
5
626
589
346
747
582
476
874
178
717
392
631
164
709
77
853
815
601
548
503
247
259
632
340
886
376
950
329
994
608
478
491
536
70
233
607
751
727
371
792
331
499
324
686
933
26
372
135
119
291
290
127
771
922
744
16
237
391
196
390
345
226
818
138
903
573
698
698
159
783
350
919
44
668
507
298
529
596
699
169
466
288
964
48
894
679
124
662
516
347
395
853
940
240
42
417
418
180
794
66
220
809
131
853
660
865
16
674
27
938
931
926
612
840
980
895
984
723
202
419
719
560
957
386
233
636
107
677
386
271
938
225
679
266
58
405
118
713
170
616
977
784
955
444
138
424
168
382
178
543
824
132
391
55
691
922
953
810
639
516
403
699
388
80
806
580
171
463
987
502
461
294
821
873
439
238
937
89
858
844
815
230
354
186
574
55
448
922
751
271
277
964
170
943
688
475
164
645
804
739
245
916
35
616
451
523
11
833
544
165
397
310
843
466
161
186
67
207
793
793
563
533
609
872
508
618
843
246
695
172
761
409
69
451
934
497
349
79
39
323
459
170
834
753
297
764
946
849
232
381
144
482
524
947
339
710
331
758
673
345
74
118
120
21
208
357
90
397
33
610
904
713
574
978
932
656
837
13
117
965
111
306
420
990
447
640
361
249
209
507
428
978
841
616
966
553
986
341
135
117
612
487
281
29
702
707
856
733
808
488
540
477
870
569
212
84
691
89
771
60
566
195
675
493
609
976
553
319
406
201
497
342
540
403
790
585
379
141
899
230
795
910
84
867
267
968
192
577
422
907
763
177
93
287
527
872
961
875
783
786
130
585
971
992
237
230
822
50
869
770
106
517
456
725
409
153
64
920
582
346
303
921
381
580
241
533
251
44
544
429
414
952
84
754
309
421
771
347
734
880
852
682
873
615
248
822
187
667
809
377
233
417
876
296
530
973
924
764
690
220
241
262
473
317
503
665
27
336
320
685
559
60
10
252
178
693
198
164
953
452
356
435
489
966
328
418
154
706
630
203
801
710
495
223
968
680
772
752
901
362
989
920
956
983
776
141
170
215
206
454
743
288
662
999
353
76
866
52
744
270
238
583
284
254
542
845
192
33
178
783
97
485
394
452
636
276
807
851
100
396
319
270
701
543
792
337
718
597
763
897
103
42
933
281
632
96
788
359
953
29
736
694
791
411
584
480
85
539
541
65
292
133
144
618
263
411
25
434
33
53
758
876
862
852
224
680
960
791
673
151
108
838
438
120
914
773
170
272
214
355
476
542
877
154
358
533
821
515
940
426
341
936
955
272
911
593
981
552
336
764
356
86
648
265
486
110
382
845
610
620
279
736
806
399
480
161
316
160
342
927
678
5
626
589
346
747
582
476
874
178
717
392
631
164
709
77
853
815
601
548
503
247
259
632
340
886
376
950
329
994
608
478
491
536
70
233
607
751
727
371
792
331
499
324
686
933
26
372
135
119
291
290
127
771
922
744
16
237
391
196
390
345
226
818
138
903
573
698
698
159
783
350
919
44
668
507
298
529
596
699
169
466
288
964
48
894
679
124
662
516
347
395
853
940
240
42
417
418
180
794
66
220
809
131
853
660
865
16
674
27
938
931
926
612
840
980
895
984
723
202
419
719
560
957
386
233
636
107
677
386
271
938
225
679
266
58
405
118
713
170
616
977
784
955
444
138
424
168
382
178
543
824
132
391
55
691
922
953
810
639
516
403
699
388
80
806
580
171
463
987
502
461
294
821
873
439
238
937
89
858
844
815
230
354
186
574
55
448
922
751
271
277
964
170
943
688
475
164
645
804
739
245
916
35
616
451
523
11
833
544
165
397
310
843
466
161
186
67
207
793
793
563
533
609
872
508
618
843
246
695
172
761
409
69
451
934
497
349
79
39
323
459
170
834
753
297
764
946
849
232
381
144
482
524
947
339
710
331
758
673
345
74
118
120
21
208
357
90
397
33
610
904
713
574
978
932
656
837
13
117
965
111
306
420
990
447
640
361
249
209
507
428
978
841
616
966
553
986
341
135
117
612
487
281
29
702
707
856
733
808
488
540
477
870
569
212
84
691
89
771
60
566
195
675
493
609
976
553
319
406
201
497
342
540
403
790
585
379
141
899
230
795
910
84
867
267
968
192
577
422
907
763
177
93
287
527
872
961
875
783
786
130
585
971
992
237
230
822
50
869
770
106
517
456
725
409
153
64
920
582
346
303
921
381
580
241
533
251
44
544
429
414
952
84
754
309
421
771
347
734
880
852
682
873
615
248
822
187
667
809
377
233
417
876
296
530
973
924
764
690
220
241
262
473
317
503
665
27
336
320
685
559
60
10
252
178
693
198
164
953
452
356
435
489
966
328
418
154
706
630
203
801
710
495
223
968
680
772
752
901
362
989
920
956
983
776
141
170
215
206
454
743
288
662
999
353
76
866
52
744
270
238
583
284
254
542
845
192
33
178
783
97
485
394
452
636
276
807
851
100
396
319
270
701
543
792
337
718
597
763
897
103
42
933
281
632
96
788
359
953
29
736
694
791
411
584
480
85
539
541
65
292
133
144
618
263
411
25
434
33
53
758
876
862
852
224
680
960
791
673
151
108
838
438
120
914
773
170
272
214
355
476
542
877
154
358
533
821
515
940
426
341
936
955
272
911
593
981
552
336
764
356
86
648
265
486
110
382
845
610
620
279
736
806
399
480
161
316
160
342
927
678
5
626
589
346
747
582
476
874
178
717
392
631
164
709
77
853
815
601
548
503
247
259
632
340
886
376
950
329
994
608
478
491
536
70
233
607
751
727
371
792
331
499
324
686
933
26
372
135
119
291
290
127
771
922
744
16
237
391
196
390
345
226
818
138
903
573
698
698
159
783
350
919
44
668
507
298
529
596
699
169
466
288
964
48
894
679
124
662
516
347
395
853
940
240
42
417
418
180
794
66
220
809
131
853
660
865
16
674
27
938
931
926
612
840
980
895
984
723
202
419
719
560
957
386
233
636
107
677
386
271
938
225
679
266
58
405
118
713
170
616
977
784
955
444
138
424
168
382
178
543
824
132
391
55
691
922
953
810
639
516
403
699
388
80
806
580
171
463
987
502
461
294
821
873
439
238
937
89
858
844
815
230
354
186
574
55
448
922
751
271
277
964
170
943
688
475
164
645
804
739
245
916
35
616
451
523
11
833
544
165
397
310
843
466
161
186
67
207
793
793
563
533
609
872
508
618
843
246
695
172
761
409
69
451
934
497
349
79
39
323
459
170
834
753
297
764
946
849
232
381
144
482
524
947
339
710
331
758
673
345
74
118
120
21
208
357
90
397
33
610
904
713
574
978
932
656
837
13
117
965
111
306
420
990
447
640
361
249
209
507
428
978
841
616
966
553
986
341
135
117
612
487
281
29
702
707
856
733
808
488
540
477
870
569
212
84
691
89
771
60
566
195
675
493
609
976
553
319
406
201
497
342
540
403
790
585
379
141
899
230
795
910
84
867
267
968
192
577
422
907
763
177
93
287
527
872
961
875
783
786
130
585
971
992
237
230
822
50
869
770
106
517
456
725
409
153
64
920
582
346
303
921
381
580
241
533
251
44
544
429
414
952
84
754
309
421
771
347
734
880
852
682
873
615
248
822
187
667
809
377
233
417
876
296
530
973
924
764
690
220
241
262
473
317
503
665
27
336
320
685
559
60
10
252
178
693
198
164
953
452
356
435
489
966
328
418
154
706
630
203
801
710
495
223
968
680
772
752
901
362
989
920
956
983
776
141
170
215
206
454
743
288
662
999
353
76
866
52
744
270
238
583
284
254
542
845
192
33
178
783
97
485
394
452
636
276
807
851
100
396
319
270
701
543
792
337
718
597
763
897
103
42
933
281
632
96
788
359
953
29
736
694
791
411
584
480
85
539
541
65
292
133
144
618
263
411
25
434
33
53
758
876
862
852
224
680
960
791
673
151
108
838
438
120
914
773
170
272
214
355
476
542
877
154
358
533
821
515
940
426
341
936
955
272
911
593
981
552
336
764
356
86
648
265
486
110
382
845
610
620
279
736
806
399
480
161
316
160
342
927
678
5
626
589
346
747
582
476
874
178
717
392
631
164
709
77
853
815
601
548
503
247
259
632
340
886
376
950
329
994
608
478
491
536
70
233
607
751
727
371
792
331
499
324
686
933
26
372
135
119
291
290
127
771
922
744
16
237
391
196
390
345
226
818
138
903
573
698
698
159
783
350
919
44
668
507
298
529
596
699
169
466
288
964
48
894
679
124
662
516
347
395
853
940
240
42
417
418
180
794
66
220
809
131
853
660
865
16
674
27
938
931
926
612
840
980
895
984
723
202
419
719
560
957
386
233
636
107
677
386
271
938
225
679
266
58
405
118
713
170
616
977
784
955
444
138
424
168
382
178
543
824
132
391
55
691
922
953
810
639
516
403
699
388
80
806
580
171
463
987
502
461
294
821
873
439
238
937
89
858
844
815
230
354
186
574
55
448
922
751
271
277
964
170
943
688
475
164
645
804
739
245
916
35
616
451
523
11
833
544
165
397
310
843
466
161
186
67
207
793
793
563
533
609
872
508
618
843
246
695
172
761
409
69
451
934
497
349
79
39
323
459
170
834
753
297
764
946
849
232
381
144
482
524
947
339
710
331
758
673
345
74
118
120
21
208
357
90
397
33
610
904
713
574
978
932
656
837
13
117
965
111
306
420
990
447
640
361
249
209
507
428
978
841
616
966
553
986
341
135
117
612
487
281
29
702
707
856
733
808
488
540
477
870
569
212
84
691
89
771
60
566
195
675
493
609
976
553
319
406
201
497
342
540
403
790
585
379
141
899
230
795
910
84
867
267
968
192
577
422
907
763
177
93
287
527
872
961
875
783
786
130
585
971
992
237
230
822
50
869
770
106
517
456
725
409
153
64
920
582
346
303
921
381
580
241
533
251
44
544
429
414
952
84
754
309
421
771
347
734
880
852
682
873
615
248
822
187
667
809
377
233
417
876
296
530
973
924
764
690
220
241
262
473
317
503
665
27
336
320
685
559
60
10
252
178
693
198
164
953
452
356
435
489
966
328
418
154
706
630
203
801
710
495
223
968
680
772
752
901
362
989
920
956
983
776
141
170
215
206
454
743
288
662
999
353
76
866
52
744
270
238
583
284
254
542
845
192
33
178
783
97
485
394
452
636
276
807
851
100
396
319
270
701
543
792
337
718
597
763
897
103
42
933
281
632
96
788
359
953
29
736
694
791
411
584
480
85
539
541
65
292
133
144
618
263
411
25
434
33
53
758
876
862
852
224
680
960
791
673
151
108
838
438
120
914
773
170
272
214
355
476
542
877
154
358
533
821
515
940
426
341
936
955
272
911
593
981
552
336
764
356
86
648
265
486
110
382
845
610
620
279
736
806
399
480
161
316
160
342
927
678
5
626
589
346
747
582
476
874
178
717
392
631
164
709
77
853
815
601
548
503
247
259
632
340
886
376
950
329
994
608
478
491
536
70
233
607
751
727
371
792
331
499
324
686
933
26
372
135
119
291
290
127
771
922
744
16
237
391
196
390
345
226
818
138
903
573
698
698
159
783
350
919
44
668
507
298
529
596
699
169
466
288
964
48
894
679
124
662
516
347
395
853
940
240
42
417
418
180
794
66
220
809
131
853
660
865
16
674
27
938
931
926
612
840
980
895
984
723
202
419
719
560
957
386
233
636
107
677
386
271
938
225
679
266
58
405
118
713
170
616
977
784
955
444
138
424
168
382
178
543
824
132
391
55
691
922
953
810
639
516
403
699
388
80
806
580
171
463
987
502
461
294
821
873
439
238
937
89
858
844
815
230
354
186
574
55
448
922
751
271
277
964
170
943
688
475
164
645
804
739
245
916
35
616
451
523
11
833
544
165
397
310
843
466
161
186
67
207
793
793
563
533
609
872
508
618
843
246
695
172
761
409
69
451
934
497
349
79
39
323
459
170
834
753
297
764
946
849
232
381
144
482
524
947
339
710
331
758
673
345
74
118
120
21
208
357
90
397
33
610
904
713
574
978