613
269
710
43
766
249
506
39
252
679
155
113
683
999
87
761
287
971
298
688
489
107
513
773
512
945
995
195
139
792
417
788
278
120
655
387
294
523
450
110
815
974
962
443
536
360
688
999
715
283
496
791
267
490
287
255
911
227
710
491
942
971
730
562
965
309
687
445
710
537
435
381
679
296
864
465
220
374
957
302
409
825
478
12
460
899
638
679
799
955
626
189
899
717
671
532
979
103
865
421
18
901
619
374
32
895
231
838
989
957
974
276
190
283
671
867
51
416
926
688
783
673
88
382
256
886
428
616
786
921
154
530
716
985
618
360
336
907
991
730
734
858
37
234
229
514
317
238
39
860
340
810
531
401
792
861
392
955
445
465
830
297
522
931
437
817
868
557
116
620
998
248
82
998
620
622
234
243
273
908
529
792
369
445
802
369
851
193
40
978
223
855
567
888
470
94
891
645
714
808
573
524
741
496
318
19
400
2
441
350
947
38
393
789
21
19
299
232
589
224
996
799
2
469
515
649
701
3
430
634
429
220
336
735
987
777
607
807
565
957
62
361
969
343
812
554
381
219
999
278
566
237
219
656
852
170
145
999
958
695
627
36
131
569
104
980
545
286
708
280
519
862
746
815
642
370
842
908
468
961
5
19
494
558
394
432
955
872
47
269
644
605
1
717
857
75
796
735
930
107
968
81
353
542
418
535
849
294
501
151
659
331
893
242
535
218
3
851
787
924
842
616
114
483
219
610
739
930
313
155
889
685
389
927
188
673
760
852
767
266
317
884
17
530
997
867
803
211
852
516
477
40
532
928
801
863
249
793
740
591
967
825
420
159
787
868
442
965
9
974
169
565
125
288
413
554
910
890
324
703
200
659
2
355
356
61
601
448
324
903
215
289
400
368
184
96
451
75
860
241
924
209
951
606
23
885
452
222
919
218
958
793
317
693
310
521
434
186
388
764
262
31
138
373
169
706
253
967
670
543
679
94
524
537
846
251
949
196
808
375
750
551
826
194
724
924
152
396
899
355
826
747
187
419
925
563
930
525
389
123
243
161
632
900
921
574
170
562
963
457
934
369
340
590
423
776
578
100
507
473
303
605
32
457
767
358
945
109
290
652
192
480
427
656
816
519
842
688
7
752
977
515
959
257
524
319
104
148
145
805
881
192
873
297
8
137
558
955
221
878
557
872
148
98
558
624
126
920
490
413
889
238
397
450
771
1
33
204
193
772
593
866
840
790
177
787
584
758
471
597
272
721
684
746
933
367
745
406
844
446
447
323
735
381
509
710
355
520
473
925
481
425
287
742
353
530
839
595
856
590
428
55
689
922
501
471
903
475
471
234
274
17
295
342
812
468
635
958
223
377
674
386
146
642
176
849
357
271
780
90
193
403
879
993
354
444
871
198
168
800
872
946
61
439
800
630
743
530
809
660
842
511
491
582
781
619
20
956
16
707
711
736
627
235
78
816
546
942
251
844
714
832
266
968
918
170
654
865
81
518
674
135
491
428
359
444
39
623
16
327
885
998
425
856
731
282
374
384
37
49
226
103
552
579
437
618
135
809
135
331
826
423
846
154
504
181
631
69
368
111
603
76
712
956
635
349
159
653
214
588
696
757
791
247
719
901
569
912
386
392
191
177
425
468
101
851
535
252
584
568
790
877
508
980
466
779
988
790
788
524
396
854
826
348
565
171
392
249
799
374
973
283
640
326
5
839
273
886
994
683
495
280
994
466
768
519
900
842
384
484
197
747
840
117
503
867
518
690
771
443
101
848
893
902
659
12
516
780
448
668
21
713
787
392
460
979
484
388
893
123
794
336
469
974
730
246
331
861
329
228
508
550
629
779
501
973
296
59
96
46
377
862
21
597
402
66
99
551
470
161
82
579
972
732
969
906
464
619
480
753
915
754
103
872
795
483
425
205
123
241
886
862
734
818
79
299
992
512
910
827
538
200
243
363
165
358
994
58
343
820
967
702
524
762
146
463
248
631
943
345
803
258
421
966
964
634
898
88
928
314
900
426
316
577
743
830
72
395
775
906
451
932
282
879
37
965
569
614
686
7
978
689
291
336
545
889
49
904
200
296
301
161
167
9
364
165
108
657
456
336
299
649
939
504
365
945
386
201
243
486
558
121
324
991
774
735
830
547
990
67
128
786
882
844
794
516
601
104
273
497
424
789
24
773
554
283
68
153
294
679
544
582
942
780
563
51
283
268
292
514
776
838
671
702
455
320
725
451
218
394
641
73
676
577
808
782
68
12
661
234
980
361
421
44
276
452
997
679
183
725
784
935
265
187
891
19
125
133
976
383
211
859
40
854
75
270
989
206
480
152
226
699
1
640
944
574
669
619
597
32
756
109
919
562
627
796
44
362
146
716
726
538
301
399
464
356
8
865
11
730
369
738
250
899
483
411
96
337
246
744
505
439
275
121
67
994
498
336
343
459
662
969
751
59
791
765
552
261
445
88
505
407
888
35
132
337
566
412
964
923
172
249
93
363
662
20
739
480
278
45
293
76
181
222
450
684
267
563
866
145
373
888
893
239
821
569
70
62
409
810
995
231
837
308
171
146
21
222
425
646
326
414
855
176
607
109
859
328
662
423
581
614
167
722
788
844
405
448
209
417
878
477
164
274
156
955
649
808
709
179
134
523
480
337
551
247
815
905
144
512
871
936
671
428
628
760
293
14
787
805
192
304
54
749
578
79
275
242
334
944
671
691
407
815
399
837
360
65
647
500
514
324
302
3
531
687
259
451
190
771
649
363
980
223
182
848
905
47
302
698
705
474
77
578
447
341
710
645
937
616
919
516
162
990
222
364
66
355
368
998
216
520
96
217
882
394
50
838
826
238
51
96
953
875
374
598
780
954
475
228
126
43
646
223
863
953
181
751
102
30
168
41
135
889
818
818
640
980
722
785
312
567
973
232
239
55
888
198
441
79
387
552
994
452
20
654
130
351
574
816
112
944
506
669
689
187
121
285
614
602
40
780
649
330
224
4
498
894
915
865
838
333
687
208
508
750
753
980
624
828
62
755
838
846
474
500
135
554
32
724
874
715
538
278
830
765
274
361
830
907
820
250
907
289
679
353
704
194
553
339
384
103
380
365
894
991
387
906
22
424
171
583
932
920
947
211
958
808
916
68
737
427
38
363
625
572
817
821
82
20
255
679
135
999
256
746
966
755
171
983
329
582
764
239
446
595
262
693
586
610
628
217
891
507
816
433
50
986
665
814
80
590
208
77
38
282
647
744
542
482
63
978
640
160
677
39
217
617
219
914
910
801
815
694
326
361
117
486
422
951
143
262
170
975
451
639
298
525
172
79
501
426
903
389
239
134
44
819
226
295
302
774
90
253
764
979
819
326
874
800
556
648
824
786
963
637
715
492
881
153
862
552
761
489
411
103
64
418
912
303
271
800
238
724
948
824
524
48
332
440
874
883
438
40
942
389
912
134
353
863
753
903
89
679
30
781
606
722
769
480
969
892
231
317
542
331
875
102
898
498
584
841
15
107
965
935
426
55
760
714
398
975
698
90
489
160
325
182
45
236
893
260
785
326
396
936
942
56
443
34
705
293
428
804
825
415
469
308
717
338
243
843
402
564
137
981
958
283
239
240
994
248
675
761
713
933
459
227
127
597
668
958
725
892
676
594
713
726
368
182
841
806
381
884
802
795
867
392
414
167
948
757
480
499
38
932
298
622
803
901
841
768
274
972
605
549
595
225
651
559
246
151
453
845
647
136
705
513
243
818
112
748
254
947
355
943
987
537
994
235
454
293
408
940
335
433
189
526
273
455
602
161
564
51
172
40
857
781
190
455
385
778
487
284
679
871
137
448
665
243
209
113
353
921
101
514
504
392
540
821
347
950
389
149
555
830
27
905
531
986
222
220
871
297
223
295
306
921
966
63
881
338
187
115
518
982
304
658
796
904
501
8
853
949
985
791
493
299
787
283
382
597
543
557
151
924
663
217
677
188
73
853
432
590
153
942
337
713
807
562
685
119
206
501
468
436
585
369
391
860
970
428
561
593
796
395
683
536
77
662
43
936
746
696
565
523
419
60
522
593
616
834
930
845
740
174
462
17
51
182
84
639
76
809
879
414
190
583
367
615
147
914
957
116
975
951
528
140
879
437
179
502
556
565
0
435
576
343
924
120
94
242
608
589
817
638
659
613
289
385
549
150
183
190
244
410
74
27
543
302
983
390
490
576
250
861
500
873
488
664
298
959
1
122
384
333
948
925
581
177
521
291
210
906
43
755
231
911
304
855
13
609
760
648
704
548
8
105
807
359
844
119
724
819
600
985
136
975
388
544
91
653
697
7
633
748
590
414
301
166
297
682
285
803
142
471
872
906
294
31
630
933
134
466
703
148
508
157
15
451
322
458
756
582
928
946
122
150
118
153
593
221
70
887
835
21
637
477
421
118
510
596
537
54
838
460
250
194
137
708
382
224
782
555
29
190
889
696
923
744
251
976
683
318
402
753
857
88
99
244
790
855
970
682
374
318
235
738
261
870
438
824
839
16
36
565
165
931
461
423
466
548
331
967
630
81
115
762
995
731
915
63
981
454
503
35
544
719
940
525
244
874
426
687
291
658
519
527
312
269
735
898
970
253
453
344
670
852
341
359
761
193
630
928
604
934
22
955
872
264
743
958
677
86
929
50
386
701
49
54
100
683
283
480
417
478
284
893
148
48
334
456
639
30
81
743
820
232
460
832
528
584
604
810
752
853
17
743
337
305
135
448
345
546
162
467
411
780
293
903
324
234
155
50
839
932
871
851
445
530
440
90
333
433
598
327
7
449
985
770
537
24
197
492
46
427
953
60
348
124
310
846
991
268
701
379
588
19
929
22
304
666
437
105
356
421
121
613
886
207
771
610
826
819
661
68
289
408
98
30
170
324
121
234
442
562
176
924
300
470
824
990
397
860
950
568
247
904
720
71
829
389
174
370
176
79
472
764
478
475
785
854
5
287
234
598
540
979
883
812
547
55
800
92
961
28
241
490
138
732
946
803
241
448
443
311
365
593
518
889
857
65
287
524
47
785
753
20
40
576
332
833
666
527
718
826
726
733
126
226
552
439
419
998
734
538
537
790
774
741
909
628
424
656
438
575
716
189
952
874
781
831
815
400
790
551
722
384
126
401
338
187
420
629
692
462
72
414
807
534
507
648
650
207
761
946
835
552
58
890
998
619
150
296
913
15
289
38
816
834
188
597
975
456
952
2
897
79
463
476
716
716
652
919
621
768
550
318
282
795
814
581
345
243
978
721
362
637
317
226
51
859
25
514
223
396
36
259
242
168
405
492
830
529
835
891
540
331
231
512
933
407
441
62
238
4
486
561
771
946
594
210
208
245
292
954
333
187
187
847
551
348
860
510
301
375
134
556
331
5
641
518
307
985
369
566
157
727
970
549
263
632
552
443
458
280
792
921
842
166
269
63
86
423
510
638
882
283
344
601
298
555
94
424
400
222
467
828
790
20
963
428
558
22
512
154
353
929
186
898
852
818
45
902
931
731
466
788
667
649
579
887
381
928
136
603
286
664
998
499
880
149
711
916
307
257
549
211
546
617
147
772
697
320
76
644
610
260
332
816
841
6
178
550
487
627
674
466
492
761
763
897
279
215
156
685
445
199
536
908
937
391
587
954
608
147
718
234
643
775
806
409
312
818
868
846
666
994
576
143
473
934
48
991
927
157
772
214
353
960
306
341
946
32
17
721
38
914
407
968
291
939
849
788
838
284
859
473
236
760
926
58
612
970
4
85
611
346
267
968
801
632
957
619
633
330
318
486
827
281
618
137
753
948
781
588
261
436
887
413
778
269
840
454
116
307
927
227
284
904
809
550
635
55
404
117
75
681
904
330
15
214
427
501
628
450
450
279
186
545
607
137
309
133
5
768
330
853
418
741
66
803
842
900
364
276
814
763
102
928
342
446
5
860
387
202
861
898
285
132
179
405
715
286
278
174
730
716
629
901
883
803
339
564
614
332
400
615
399
136
694
707
455
609
338
576
707
429
451
663
282
283
79
819
847
457
837
15
144
607
738
288
781
583
352
303
961
81
850
634
700
917
249
276
368
694
467
535
496
146
709
477
151
613
350
940
45
20
761
243
702
223
707
146
268
772
949
92
236
675
38
46
621
189
499
579
429
133
182
117
503
295
211
259
990
823
996
397
597
360
900
733
484
661
810
126
873
827
331
495
275
484
186
201
826
944
984
299
593
325
178
553
909
671
374
154
523
640
440
614
156
635
923
735
120
188
448
318
450
284
138
71
69
511
234
113
475
69
930
44
104
237
748
551
532
992
995
863
480
120
821
407
587
748
613
756
415
894
751
644
342
552
357
685
676
436
274
494
132
871
510
496
503
886
685
891
896
905
170
50
83
432
925
699
623
984
375
72
57
14
942
193
472
790
525
94
728
131
466
879
250
533
909
935
58
918
516
132
815
81
323
733
400
959
822
189
975
163
446
154
814
377
64
726
287
922
525
178
762
503
954
361
152
127
621
11
154
620
370
25
112
489
86
167
943
89
609
876
826
354
465
608
904
703
476
183
938
82
215
367
252
964
711
744
420
110
161
325
552
164
720
503
690
244
242
692
256
692
525
221
204
186
130
586
663
236
19
561
628
68
774
580
394
333
724
112
628
409
343
445
803
222
48
653
235
692
962
151
107
372
76
203
941
963
621
326
204
571
936
502
291
321
771
934
437
750
351
509
79
305
933
896
560
684
120
603
340
371
522
73
498
989
842
707
744
828
744
224
39
945
830
315
802
494
373
828
800
973
829
52
928
187
413
523
762
683
501
24
940
621
434
939
86
287
496
132
35
182
528
99
93
447
516
155
553
872
922
951
632
896
21
608
313
520
990
769
110
546
483
997
397
491
730
219
990
137
219
571
145
414
390
725
388
131
711
489
69
135
447
862
782
384
747
93
322
781
415
190
835
298
691
150
674
665
829
121
891
664
162
233
286
659
954
833
156
791
376
230
295
34
150
656
930
924
263
571
73
492
504
463
949
260
828
104
930
119
885
949
424
830
352
547
34
506
75
457
27
586
49
156
544
616
42
836
486
584
106
921
741
925
17
382
509
666
701
685
64
666
460
692
167
88
559
420
910
528
222
698
631
328
416
514
683
925
869
761
538
427
210
618
592
113
56
351
78
476
4
274
350
613
809
540
147
306
877
145
977
831
895
379
926
235
537
18
594
854
40
519
454
266
246
825
879
558
669
547
650
425
459
533
951
697
958
305
557
683
376
251
597
435
792
949
702
18
12
708
755
304
103
287
127
430
847
644
732
77
965
120
723
729
300
611
262
793
957
193
583
326
859
686
180
29
358
790
559
870
836
760
738
124
246
765
473
87
77
383
920
660
844
659
18
86
85
251
846
740
62
654
587
754
941
770
928
697
360
418
820
978
590
826
30
524
600
686
183
486
112
99
580
386
906
367
897
290
99
760
668
686
469
290
637
265
214
895
253
107
547
818
417
249
49
748
862
492
587
42
326
626
597
633
383
339
193
574
53
406
360
73
382
914
66
181
341
637
70
358
699
644
748
27
217
338
94
489
378
745
251
269
712
69
862
338
184
658
167
159
331
256
584
142
137
103
308
478
673
644
335
648
914
96
734
959
924
762
931
689
202
295
862
473
345
254
44
160
723
957
462
759
357
599
523
732
192
915
657
944
611
896
98
804
160
701
40
107
643
406
14
691
459
888
988
471
239
993
255
527
949
766
793
388
292
820
147
366
603
167
399
941
603
265
732
107
737
724
21
930
111
870
127
940
865
478
289
496
764
740
830
17
950
652
606
967
220
860
52
711
137
867
839
338
776
379
854
610
917
456
47
409
956
126
316
708
994
452
579
985
938
466
552
163
894
310
450
988
123
857
783
980
47
659
306
981
896
867
496
581
711
705
518
210
813
599
690
505
477
815
269
70
8
82
197
627
983
500
225
42
971
627
693
491
634
601
16
814
984
211
719
466
281
665
466
634
524
169
332
268
430
96
480
266
44
480
280
968
842
374
215
599
685
628
9
680
965
98
715
963
369
608
668
690
575
328
277
65
386
677
758
986
327
699
224
308
55
974
48
19
479
369
600
278
620
572
526
65
369
705
539
977
357
415
867
322
127
844
362
263
42
90
123
138
344
136
461
702
826
428
519
419
576
171
356
841
805
987
843
259
114
911
293
563
299
829
286
90
583
210
960
721
300
545
293
552
549
890
265
980
843
806
847
47
14
530
667
890
669
41
549
66
897
660
612
606
636
469
853
377
923
364
916
800
66
557
786
929
780
225
618
899
725
434
385
219
207
569
182
847
32
609
836
451
716
707
679
321
293
321
115
472
725
983
234
46
543
346
325
55
504
942
867
102
129
445
836
712
161
131
745
293
510
779
25
197
689
19
716
189
641
81
588
633
457
379
301
81
163
591
834
97
549
62
557
479
697
777
95
666
105
340
112
99
720
247
808
628
876
644
346
528
935
756
327
617
106
471
797
64
955
882
684
700
437
167
975
74
940
109
239
23
862
516
143
13
700
321
186
652
495
523
655
958
923
618
642
55
243
795
846
574
689
21
86
373
186
560
258
939
833
957
299
352
913
105
712
40
932
620
143
121
684
855
937
30
687
653
292
751
95
834
660
456
975
477
281
524
295
215
493
381
44
116
568
580
612
226
364
824
699
564
203
373
980
150
196
539
504
948
541
715
178
911
823
782
113
893
989
222
370
344
540
431
713
607
811
785
25
622
831
705
989
628
564
870
737
218
254
510
576
65
941
598
110
941
658
766
894
33
520
547
453
729
966
812
874
106
368
987
573
240
280
226
555
227
600
105
904
571
934
287
391
726
873
291
878
626
891
898
343
649
521
340
561
723
859
591
985
771
778
919
712
774
33
214
459
142
763
50
292
533
671
56
667
212
975
458
56
864
772
506
453
607
31
6
989
83
769
743
887
798
365
68
915
273
113
794
699
434
534
355
214
315
313
528
517
236
542
864
6
487
220
464
629
63
136
616
753
164
912
72
14
692
349
345
597
408
994
564
267
843
195
393
162
810
416
956
400
109
787
762
562
698
398
520
370
390
522
150
515
899
329
444
154
605
953
977
813
546
917
143
548
390
816
834
628
726
530
862
394
315
94
433
731
915
968
436
426
495
865
600
546
512
578
752
245
207
934
988
500
328
642
481
114
900
855
362
835
482
125
155
107
854
543
360
810
318
73
105
790
113
497
545
809
709
912
605
754
157
175
776
216
293
538
168
580
823
665
45
928
414
676
359
283
947
163
198
395
428
143
534
977
60
128
418
550
201
215
394
257
713
310
298
970
343
11
999
928
422
575
885
185
43
516
858
990
944
852
309
813
74
982
630
97
23
997
299
495
413
360
7
226
757
402
77
538
923
766
422
748
230
617
65
782
477
941
352
632
897
287
797
591
114
711
810
653
390
529
212
221
473
608
25
885
591
579
292
157
460
450
976
1
338
761
804
398
450
637
366
930
200
875
430
543
77
441
713
790
425
977
134
820
137
782
147
464
44
249
960
508
53
258
840
126
180
892
442
802
177
385
581
756
44
936
950
694
300
353
406
66
180
864
640
82
406
762
33
641
446
941
246
256
663
638
228
377
446
882
836
750
41
764
937
786
13
77
465
681
739
430
88
663
623
74
683
211
290
194
468
494
781
587
691
726
713
683
844
601
962
400
474
570
285
551
472
793
212
61
101
133
242
598
947
589
370
168
405
225
363
120
901
922
575
695
372
511
289
370
708
133
607
281
689
383
375
944
433
236
116
181
427
708
261
693
649
294
130
781
79
627
193
903
827
625
325
661
744
809
503
837
694
343
18
26
696
729
573
362
132
749
597
362
143
962
818
112
995
36
105
572
463
76
133
636
846
794
549
558
926
721
955
898
419
980
618
834
787
936
409
133
290
264
210
374
450
444
846
959
273
528
192
415
906
981
100
523
138
155
952
943
544
580
773
840
540
342
419
636
368
997
944
99
528
619
932
760
764
824
297
316
425
810
475
940
558
48
719
960
134
390
676
748
172
685
349
361
153
579
579
292
85
989
833
381
703
916
509
398
86
469
38
158
666
478
556
550
768
607
635
32
223
885
234
998
857
649
28
804
94
109
16
409
664
715
755
158
541
557
650
231
917
32
562
11
283
238
214
326
115
129
242
330
722
358
137
183
352
345
669
67
510
948
827
140
517
18
534
374
983
781
97
412
985
662
120
867
111
759
466
970
587
14
477
574
188
379
864
241
439
657
27
24
968
973
890
108
553
873
919
856
599
234
368
243
860
554
752
987
820
599
840
883
832
897
668
213
480
174
682
837
993
154
166
930
40
372
712
497
630
942
56
166
383
855
466
519
288
528
366
262
950
88
729
484
832
387
333
942
295
657
281
954
956
381
627
563
939
608
907
981
137
75
191
849
787
520
403
455
736
22
4
39
693
806
247
539
143
807
792
816
677
328
301
526
244
672
245
823
583
5
804
531
346
738
817
883
620
850
292
460
918
844
512
517
633
657
765
349
260
73
458
465
763
289
62
824
995
145
664
1
69
293
958
807
284
415
103
411
883
904
301
865
101
64
852
575
742
744
585
912
242
562
518
293
722
306
269
349
830
115
651
647
987
678
126
194
778
897
499
452
334
716
986
458
485
283
891
900
250
194
85
945
741
291
505
494
783
499
572
980
459
582
119
699
570
588
937
931
72
817
928
75
412
992
775
994
29
644
20
763
989
191
803
453
460
191
668
545
292
266
573
309
648
48
377
568
876
501
863
598
375
991
785
388
613
991
130
257
652
867
706
185
394
278
90
743
552
222
842
85
444
5
575
330
911
727
729
576
566
449
926
205
144
962
653
970
444
170
153
152
474
341
137
126
426
814
460
185
202
118
93
12
708
560
904
361
801
278
430
5
358
712
714
666
339
833
394
704
979
503
224
602
74
134
306
205
679
409
829
524
423
802
343
838
783
865
647
349
760
763
557
709
949
85
612
970
809
79
533
333
460
388
182
903
419
505
258
271
332
243
725
33
771
880
728
820
829
124
894
744
713
758
623
158
929
268
546
123
40
331
837
636
762
975
449
740
918
400
295
580
145
939
271
641
386
530
346
530
431
134
330
702
808
444
586
504
677
335
134
619
315
176
474
679
932
885
423
37
0
491
743
375
287
138
218
673
963
933
764
842
869
862
506
922
35
916
915
133
812
888
477
943
988
374
672
663
308
152
636
0
23
183
426
826
881
455
962
59
750
999
359
524
240
379
209
313
456
352
53
802
245
322
848
475
622
522
285
916
460
957
840
636
914
550
877
398
898
434
323
55
293
790
104
717
743
440
239
585
588
317
422
944
801
714
595
788
870
993
480
219
883
454
78
725
24
780
247
677
943
101
810
375
61
374
192
519
561
801
9
616
523
0
940
542
886
22
692
418
177
36
812
998
35
482
540
20
772
151
344
899
147
458
553
6
392
958
744
438
606
604
11
803
499
583
112
872
568
421
869
108
849
628
243
429
414
459
742
95
874
719
41
260
716
99
639
290
496
667
403
28
684
199
976
198
118
823
294
162
747
574
347
849
176
619
677
657
774
999
212
115
810
919
32
619
554
762
835
317
467
822
353
112
942
945
278
438
457
604
202
43
731
0
340
227
981
360
257
364
553
225
835
930
371
155
116
246
882
994
391
564
227
572
403
733
105
622
166
376
542
833
583
693
287
171
885
571
136
323
176
358
191
472
478
554
588
252
305
925
479
677
828
755
363
524
368
629
917
951
532
3
979
85
637
994
889
197
304
598
415
974
220
69
118
886
190
193
913
79
444
209
8
998
479
564
951
956
287
590
170
757
805
828
783
321
562
208
369
139
438
563
705
307
129
316
392
570
824
430
453
665
30
479
802
749
238
779
548
470
987
914
71
562
300
806
187
441
173
378
383
793
940
510
995
13
572
994
98
600
227
60
187
148
130
360
781
424
840
700
713
799
231
868
913
448
592
698
573
197
222
170
437
470
308
477
147
262
786
432
426
831
425
100
340
978
935
586
117
584
703
598
660
504
265
700
585
882
440
682
215
905
619
184
246
295
626
900
28
132
965
545
761
85
350
584
227
466
863
670
282
511
683
991
634
387
594
911
266
958
625
280
190
848
203
595
392
476
601
115
660
199
207
402
940
698
792
7
851
844
91
93
317
430
286
11
377
466
482
934
743
554
981
984
545
951
60
851
849
520
186
125
862
564
748
209
93
382
752
329
630
996
782
106
285
599
257
480
630
151
837
898
253
683
665
190
980
297
674
347
281
92
487
346
403
291
889
770
597
87
607
4
265
634
184
747
709
901
8
191
80
426
222
208
459
646
223
865
804
199
711
566
111
399
539
140
811
120
24
481
867
797
121
760
232
261
546
610
566
801
858
517
905
545
870
50
114
595
132
379
526
24
617
96
633
689
753
660
144
159
980
384
226
892
828
105
259
32
102
390
283
872
897
908
509
40
14
393
737
700
560
827
978
237
638
679
665
586
339
73
188
841
318
602
422
68
504
5
701
551
394
537
918
933
358
157
112
303
178
741
541
677
782
590
1
476
306
618
446
59
347
763
136
843
352
628
759
101
925
797
428
705
305
956
128
374
460
81
650
820
197
284
992
606
959
805
798
485
581
685
926
544
606
574
891
952
440
228
66
490
520
590
763
770
449
168
199
366
598
888
155
484
956
515
177
288
119
703
529
784
277
157
451
217
537
893
296
615
584
179
818
520
651
772
88
803
785
126
77
488
691
594
488
629
439
811
44
436
6
525
975
257
254
331
201
620
803
45
510
468
679
615
276
918
551
786
608
728
353
75
204
342
183
74
41
560
464
2
338
234
958
264
358
806
878
758
528
815
585
268
900
201
745
63
518
388
355
319
330
738
842
240
993
41
167
455
759
46
591
305
592
487
395
452
973
581
805
834
670
407
987
71
476
428
229
623
881
718
941
735
554
765
919
679
880
799
815
201
462
626
508
889
258
223
181
436
198
66
138
542
200
709
198
153
992
905
125
310
361
473
706
769
680
946
727
584
278
739
39
763
108
577
505
557
956
988
729
434
365
776
898
753
572
237
81
204
462
640
838
313
634
102
872
446
362
669
53
918
964
244
202
458
946
338
80
215
88
368
596
65
253
720
469
192
54
600
685
730
992
563
189
351
510
754
963
831
860
519
334
196
413
129
643
846
816
248
346
819
440
371
623
690
645
935
283
333
121
426
837
422
577
598
233
158
53
377
348
764
149
268
41
275
802
475
645
710
720
827
918
50
828
936
144
566
213
281
969
70
832
520
416
858
744
756
724
529
193
202
595
778
962
390
998
154
79
158
571
243
449
405
527
367
113
966
483
92
224
984
385
511
618
932
345
933
241
796
281
429
776
603
474
61
537
560
312
213
390
759
236
801
379
856
270
756
197
901
59
808
512
625
369
354
210
654
952
218
323
409
639
321
934
91
761
701
817
750
503
859
138
367
733
817
667
860
680
235
131
990
731
749
861
975
952
763
895
393
32
466
867
827
139
626
973
732
649
143
498
885
944
491
614
582
402
764
793
714
14
466
48
866
371
443
674
564
81
850
523
890
840
361
281
648
640
20
322
229
825
102
159
305
136
518
90
937
417
453
362
776
502
285
157
408
141
690
288
748
212
551
234
573
383
933
452
634
384
941
203
16
60
954
187
275
890
175
1
700
492
587
102
26
991
659
0
643
550
638
897
441
208
475
201
129
330
466
619
24
192
961
613
137
236
594
88
28
843
873
301
940
996
579
836
342
858
191
196
994
374
63
594
802
823
868
779
533
415
478
584
728
475
31
519
945
986
191
987
683
273
504
765
718
550
447
638
148
28
371
226
285
898
779
907
490
763
112
513
685
494
66
362
106
495
103
928
120
539
575
708
296
935
255
22
328
173
124
36
859
716
858
269
514
614
328
345
748
781
825
144
855
620
491
477
475
464
395
46
165
489
679
830
847
11
247
359
924
493
692
627
930
598
865
2
890
686
609
600
416
574
135
236
155
845
600
583
728
829
690
846
905
724
181
967
132
651
353
672
544
202
81
299
69
184
286
642
50
814
396
164
188
738
153
446
261
679
719
578
45
340
174
900
645
671
875
184
850
833
444
412
113
655
868
947
600
484
129
412
989
348
130
913
623
119
617
226
940
191
18
439
875
256
284
748
48
972
933
165
101
944
938
980
559
385
886
279
648
903
273
104
165
925
912
167
263
804
115
246
168
945
122
841
286
138
53
928
327
671
727
437
758
152
84
626
58
715
422
947
966
826
891
282
448
124
272
406
758
361
23
390
552
608
66
155
688
755
303
70
262
533
124
254
683
34
991
92
121
647
176
736
124
271
295
364
54
502
886
52
992
881
830
33
317
457
745
751
317
694
576
704
697
377
9
219
965
681
152
360
692
289
589
477
76
555
646
683
654
875
710
375
580
252
224
430
269
390
214
894
669
488
686
603
834
91
29
84
178
55
725
806
610
617
784
134
61
860
409
277
517
283
487
507
580
679
498
400
245
858
790
9
536
824
623
631
359
752
555
628
430
151
448
514
408
919
237
982
187
927
60
463
670
625
395
717
16
619
286
153
438
542
750
104
921
459
234
185
752
499
357
185
122
88
774
859
146
164
740
905
438
58
493
75
53
655
839
133
162
812
977
576
927
396
669
77
288
225
638
382
679
663
788
985
447
26
634
839
1
430
71
340
24
272
466
59
947
626
551
829
829
966
868
292
383
943
376
729
193
259
82
712
277
341
764
655
222
521
787
421
896
488
152
165
960
691
413
155
339
863
45
488
497
114
938
263
746
82
408
578
277
961
392
850
653
152
444
16
902
318
516
702
742
368
188
800
364
436
44
953
458
977
312
936
580
189
383
300
653
567
995
607
18
292
876
421
446
315
886
129
812
961
204
727
573
780
409
966
297
160
326
758
409
377
446
734
202
45
228
743
658
466
947
69
928
936
546
119
30
309
992
329
748
453
216
606
343
414
959
677
437
426
508
627
61
350
33
640
565
197
746
975
503
73
22
607
463
104
807
880
892
725
978
928
782
256
731
385
835
843
360
583
466
541
747
354
934
768
100
621
161
152
706
578
466
699
224
330
178
60
39
948
542
758
772
433
579
661
201
885
778
496
905
814
514
162
852
994
500
859
397
578
59
749
467
734
370
314
639
778
864
828
129
902
582
878
149
863
270
543
29
226
683
238
33
127
555
920
356
41
5
520
38
343
172
481
583
918
475
235
618
393
511
170
430
542
62
96
980
722
709
224
909
879
240
621
352
750
54
532
832
120
795
256
73
567
612
443
183
8
131
19
657
180
144
696
468
801
208
512
544
502
166
271
334
841
52
224
984
453
594
579
839
904
397
500
550
821
89
410
716
98
353
956
221
228
454
837
259
125
2
348
82
912
887
745
95
422
213
506
766
964
97
48
657
53
512
301
206
696
380
664
809
300
205
415
459
414
263
93
26
308
706
68
571
179
671
311
19
128
344
46
804
496
970
112
172
98
825
519
108
699
937
267
7
645
800
633
414
777
213
774
564
132
681
295
556
494
300
368
796
394
457
21
917
520
370
776
180
706
837
638
422
658
635
494
309
400
981
418
879
9
503
674
311
235
753
232
169
208
535
649
967
244
915
381
7
133
344
421
633
737
535
686
529
912
362
545
147
302
463
533
66
953
689
513
86
716
600
707
130
750
985
873
69
829
535
125
630
593
275
39
535
281
650
979
266
986
536
616
608
494
940
52
644
541
97
507
655
922
689
766
888
547
376
513
946
348
399
803
701
137
370
727
210
198
865
579
210
688
717
767
624
809
679
931
248
220
770
196
99
69
137
425
991
156
598
583
173
350
291
972
301
236
167
314
16
852
344
971
22
648
988
99
761
982
496
187
523
189
83
768
854
948
109
543
611
694
678
784
756
947
98
698
974
794
235
983
551
903
362
526
466
644
733
80
702
832
213
222
483
682
419
891
409
973
801
819
724
204
98
233
308
146
900
364
38
722
259
133
621
941
699
956
693
222
481
281
508
549
673
301
265
263
393
961
264
615
581
874
350
765
242
541
956
410
431
373
913
745
591
39
226
466
239
9
117
517
134
934
130
982
250
33
479
771
108
6
869
872
493
621
335
206
456
488
209
478
630
726
919
940
923
467
242
736
12
713
4
257
57
289
384
353
70
127
568
601
82
601
125
181
413
415
159
82
845
640
428
461
292
829
857
380
76
300
128
955
418
522
43
596
680
271
857
53
377
259
110
174
97
491
493
80
252
123
934
46
7
334
381
204
303
156
994
840
289
621
996
132
139
314
607
182
572
954
341
55
381
977
912
202
94
851
45
988
40
79
945
966
793
302
828
219
548
923
749
441
458
827
21
951
361
397
800
2
327
222
193
684
928
277
942
770
253
446
219
501
649
561
818
966
37
240
458
940
942
151
19
97
379
710
682
537
383
521
279
355
256
394
427
178
157
825
970
926
115
292
305
565
67
413
246
743
853
993
293
919
382
962
818
688
488
793
668
308
552
752
116
219
530
769
284
493
735
116
422
113
496
823
522
564
164
653
301
588
795
90
455
266
195
140
458
14
193
270
227
259
591
454
853
109
32
171
332
489
849
734
718
124
892
37
133
939
210
875
215
848
746
249
44
75
876
141
515
254
970
651
206
843
815
542
823
595
450
396
42
21
364
372
474
195
446
579
935
714
150
19
156
887
328
14
251
648
215
818
365
573
130
264
869
907
504
860
898
202
394
986
846
439
75
208
60
98
289
56
667
509
556
523
600
66
928
862
348
589
834
540
652
485
838
94
890
548
976
898
833
159
567
839
597
34
340
78
389
247
813
330
40
422
597
14
11
341
18
374
396
816
442
456
745
322
389
82
462
261
916
737
382
509
50
47
542
473
743
409
721
739
251
689
509
238
348
46
36
286
428
488
405
491
4
761
610
32
984
86
104
756
136
863
441
592
97
660
232
732
656
569
117
677
950
460
435
692
360
401
213
624
693
928
515
172
457
866
107
503
653
22
457
170
424
204
360
720
572
381
798
868
167
534
369
99
780
342
433
157
16
593
240
846
957
6
534
941
536
355
978
456
128
21
753
429
495
827
403
42
793
592
803
55
800
208
452
98
313
210
383
714
508
706
585
819
27
669
872
299
319
845
542
788
506
628
133
73
749
451
939
219
788
712
495
571
910
243
49
934
874
381
837
106
694
291
922
874
252
531
260
374
959
804
548
530
11
376
177
690
765
630
870
154
83
776
244
719
558
881
140
696
254
540
773
184
340
539
265
742
719
182
555
326
737
531
499
96
924
163
4
761
623
268
88
4
809
115
147
370
822
105
353
154
952
902
487
162
234
487
694
679
867
136
325
213
468
439
525
123
166
604
46
999
707
207
901
127
681
859
872
178
216
37
384
37
8
926
553
979
180
55
232
452
233
701
83
35
625
977
50
917
108
514
465
689
540
80
891
725
226
909
907
120
832
54
709
93
245
297
431
484
58
960
185
128
905
838
257
431
223
669
369
664
669
771
31
284
351
545
200
538
463
449
154
836
17
83
212
291
675
257
248
978
636
722
83
219
234
517
600
475
857
417
887
487
617
120
808
348
137
40
355
339
10
851
606
459
122
14
907
123
319
356
614
288
51
845
371
939
889
68
305
759
968
86
851
895
462
474
479
212
187
219
477
528
249
706
947
570
407
279
119
869
686
217
396
26
128
460
385
335
73
71
919
682
749
691
528
243
657
419
462
525
524
559
637
227
379
120
739
451
227
61
26
109
91
716
335
109
342
0
227
910
854
330
582
870
144
187
390
527
930
418
619
977
941
134
627
36
495
88
829
581
649
653
834
80
575
909
917
402
119
73
320
426
784
200
700
375
136
830
74
182
737
92
158
681
880
912
85
984
319
22
988
638
158
654
293
722
294
796
563
558
543
922
864
796
755
620
213
240
519
168
440
228
873
21
443
120
996
844
145
311
618
133
70
921
809
27
282
243
646
433
212
944
353
705
196
37
561
119
862
302
149
453
56
801
692
908
743
339
467
950
756
49
826
67
800
955
786
802
117
769
944
299
191
708
508
810
839
410
888
382
457
620
777
730
688
929
729
317
751
782
904
272
795
560
656
174
865
920
657
514
833
388
118
420
490
987
939
487
490
29
356
442
726
902
8
376
14
503
299
897
937
497
949
147
139
181
759
318
587
996
174
978
649
867
284
63
791
258
977
283
781
972
421
20
667
896
737
441
89
763
590
37
100
96
363
531
306
347
935
852
277
208
529
423
248
185
956
128
108
450
584
321
30
704
383
443
511
826
602
985
570
874
814
130
62
324
412
539
506
836
665
158
874
136
570
79
924
355
237
893
694
695
861
258
317
925
489
47
350
850
177
502
221
845
87
0
128
51
654
33
892
366
757
297
341
226
313
68
420
419
442
207
570
17
61
453
950
253
848
343
151
339
300
137
605
664
624
168
810
237
160
619
656
955
767
867
878
10
992
366
581
90
315
792
987
94
295
863
107
81
743
669
180
163
950
909
662
968
80
648
350
75
630
498
827
342
73
19
826
351
66
799
418
864
912
418
225
937
558
751
836
843
260
373
981
815
497
129
172
147
667
1
145
872
266
424
949
613
675
496
455
248
101
756
786
363
345
528
99
79
804
430
163
25
122
731
102
769
579
132
569
758
429
32
797
774
993
801
888
651
938
725
530
146
188
303
71
604
35
777
181
876
827
666
653
277
408
589
424
10
39
924
267
380
900
670
674
693
963
486
553
245
407
256
617
177
670
0
537
594
814
323
42
639
874
308
184
142
274
106
92
217
731
639
271
200
176
865
500
358
268
110
748
499
98
975
805
89
970
823
156
196
337
14
379
569
218
710
133
878
318
10
114
794
503
520
903
70
317
686
956
700
393
689
973
601
574
992
179
19
769
257
293
479
833
694
255
819
451
600
613
721
689
816
760
700
924
284
320
278
165
796
103
999
806
550
401
921
725
406
526
173
92
661
462
746
959
511
239
599
324
768
343
37
620
79
69
427
121
539
102
219
81
877
691
623
750
691
107
277
441
909
164
546
121
617
64
354
940
774
349
870
122
41
142
491
948
3
648
532
847
5
673
933
250
293
772
629
857
615
452
786
487
322
879
602
223
450
756
519
853
860
679
114
694
156
236
445
917
344
523
361
890
640
540
485
425
789
148
777
496
661
483
231
571
520
14
575
112
463
721
811
988
843
447
2
857
560
589
817
287
252
697
160
385
10
279
638
892
948
959
834
199
700
419
394
693
788
965
595
210
783
335
833
863
596
141
862
13
627
788
791
340
356
254
820
110
946
810
301
564
209
475
376
692
543
736
201
504
585
470
669
444
103
350
675
168
905
399
290
917
564
756
360
542
199
486
439
667
444
824
77
132
798
594
186
65
610
58
522
415
525
632
392
997
238
883
834
607
138
330
496
900
10
895
123
678
778
219
95
190
225
275
548
383
21
432
429
105
373
69
519
864
688
981
503
953
461
216
240
305
759
314
794
145
675
611
784
500
77
233
398
23
980
563
694
532
548
134
958
56
474
579
533
895
552
361
739
754
400
171
874
544
236
963
825
177
266
535
336
203
396
458
749
871
446
556
348
497
206
211
474
779
136
718
58
944
652
806
797
956
688
850
786
544
170
906
292
387
865
473
41
823
707
703
584
968
351
279
163
844
528
920
441
364
921
362
996
641
33
462
774
886
536
260
411
106
314
842
810
774
898
354
577
336
666
902
174
467
723
264
877
260
372
839
106
19
774
480
353
799
765
221
712
659
670
87
611
465
271
294
952
998
297
494
661
78
347
702
890
371
447
138
912
721
880
339
583
506
356
164
503
672
477
618
554
899
768
967
544
753
80
318
271
910
947
66
978
587
306
351
997
516
885
371
167
157
192
384
614
197
658
201
568
390
324
861
138
121
474
366
576
792
181
754
965
822
459
863
176
159
713
24
584
330
282
494
785
962
629
753
135
358
781
833
347
554
219
216
793
846
752
771
163
604
870
655
227
831
154
629
50
610
440
82
533
138
846
512
82
169
508
862
273
470
832
177
226
909
62
544
506
853
809
768
138
949
276
524
625
611
952
179
144
990
244
130
815
96
630
375
188
429
963
581
530
993
225
804
145
622
828
3
449
500
334
606
445
938
739
96
50
583
478
137
412
161
502
564
614
438
88
914
968
555
974
827
352
777
966
208
631
323
106
102
517
555
465
199
179
313
841
737
621
307
954
632
831
49
857
878
633
743
578
404
710
833
145
501
820
931
887
575
513
655
780
564
780
812
744
416
450
467
180
441
735
296
942
693
58
431
884
564
550
831
917
757
970
190
100
363
686
1
549
771
567
77
354
767
124
601
411
78
617
651
473
150
930
788
824
78
620
656
95
977
332
663
181
865
423
957
652
791
436
816
291
438
217
712
890
89
857
190
940
214
126
358
182
203
669
345
15
622
126
159
22
915
879
83
345
149
574
925
68
973
810
894
242
924
109
323
792
696
553
495
806
309
704
632
929
758
432
84
239
255
376
721
678
469
768
841
394
457
448
26
692
753
719
747
304
817
170
151
674
458
885
702
766
262
351
656
522
586
951
314
373
26
616
799
849
388
676
291
420
76
647
401
727
662
353
170
399
226
82
58
394
96
172
75
244
974
909
771
618
394
55
189
80
279
847
537
975
383
221
840
962
717
696
892
148
861
527
774
954
870
192
821
459
479
508
984
464
795
404
969
616
170
181
531
295
224
376
674
46
712
142
361
147
939
352
87
495
522
870
175
205
103
284
238
597
8
528
618
829
751
972
324
685
328
830
230
397
391
46
885
224
407
938
517
460
582
862
309
374
402
866
250
927
539
126
506
132
714
853
736
277
703
867
780
112
469
164
37
698
493
248
224
877
308
73
792
360
982
847
87
653
529
684
653
406
985
140
921
94
861
60
638
526
893
19
313
58
257
374
874
305
332
547
435
694
618
819
104
431
921
647
341
71
627
468
187
20
377
678
114
712
361
59
873
399
503
975
819
535
796
290
43
42
579
875
230
183
814
897
987
766
153
192
777
996
266
120
570
960
238
541
251
14
701
930
657
807
121
72
583
22
145
657
556
176
165
848
638
88
850
86
792
245
693
533
537
248
830
983
187
301
487
972
68
839
4
699
330
822
781
519
339
949
813
499
647
823
763
78
507
248
798
950
829
925
906
983
472
687
17
176
218
643
460
352
626
885
26
17
394
973
877
997
405
520
514
975
896
561
875
928
234
716
931
697
70
811
889
229
782
687
635
32
971
128
746
801
563
974
253
237
742
443
959
602
719
376
691
110
383
168
475
591
281
56
383
400
987
897
405
132
790
441
42
707
82
893
953
10
314
997
223
214
665
491
24
912
694
471
142
389
864
200
718
545
604
764
657
833
866
962
148
633
545
61
48
744
770
180
403
378
23
907
787
289
49
220
896
325
828
753
77
270
154
303
441
37
451
247
797
951
352
422
119
263
431
178
320
503
305
885
351
990
49
86
787
885
43
133
203
225
875
798
413
494
438
278
13
298
15
911
217
989
905
452
509
623
365
196
41
710
900
425
965
460
292
992
812
311
327
502
217
826
611
972
56
773
462
57
73
825
787
194
151
125
482
148
771
913
592
345
840
836
590
303
280
380
182
880
198
292
197
565
120
169
5
772
325
329
860
22
572
740
525
382
662
721
379
985
197
339
51
538
789
219
410
926
907
211
462
247
677
757
695
581
875
931
630
171
982
30
976
819
830
471
733
727
588
47
736
977
601
98
905
368
853
874
822
76
980
508
655
759
745
112
618
651
381
379
67
524
898
95
855
845
355
917
418
685
875
866
526
17
987
731
213
22
68
262
806
463
648
815
868
37
270
661
205
989
565
367
149
541
1
132
369
669
524
804
805
1
535
315
286
164
688
758
476
561
286
655
109
249
363
491
521
926
635
437
846
459
808
424
629
457
522
805
959
260
241
201
972
956
716
358
623
737
689
693
119
628
873
956
121
407
65
140
907
449
704
264
979
517
474
263
871
182
631
931
713
151
234
827
496
202
787
410
584
921
852
9
634
854
283
544
978
159
673
761
474
211
258
488
413
888
901
719
741
747
774
226
923
688
43
793
844
225
571
697
781
435
710
69
385
574
197
983
419
888
426
866
571
346
850
801
379
415
999
796
825
543
172
758
544
257
315
440
778
893
279
506
203
968
566
902
960
82
383
715
448
633
796
335
255
356
133
115
852
711
38
722
998
661
16
172
783
91
144
865
444
988
833
828
869
58
577
11
251
850
830
700
161
827
875
557
522
513
923
907
163
390
978
641
368
339
311
654
13
342
924
719
15
339
680
58
406
340
710
124
773
636
469
667
545
118
369
346
77
444
240
569
740
190
605
582
52
690
321
25
553
187
724
591
41
543
842
708
626
863
428
308
605
204
857
328
865
171
644
353
47
437
21
528
48
228
237
779
823
190
386
96
416
423
512
128
138
53
509
561
115
616
629
700
316
957
348
946
946
611
609
976
971
196
722
653
229
822
454
519
854
930
952
537
396
103
614
171
364
178
4
48
795
94
792
157
137
625
469
387
629
217
511
185
389
746
540
499
593
296
366
728
524
561
319
290
193
108
740
939
157
897
248
772
702
992
0
272
123
331
263
588
325
821
174
325
580
935
204
345
185
51
583
377
898
668
734
300
285
856
0
744
629
971
971
153
772
828
436
352
685
353
955
267
997
434
606
455
32
764
603
682
821
985
838
917
119
819
611
804
597
922
131
701
196
770
884
640
201
97
516
607
788
225
912
647
829
99
863
369
31
479
852
527
20
388
205
58
730
193
333
154
930
860
644
579
804
222
261
446
55
302
211
604
762
745
401
107
33
857
427
664
0
562
811
457
177
792
569
416
589
663
637
309
945
886
455
331
281
44
917
690
68
139
609
727
648
980
646
674
858
668
908
151
666
536
5
514
349
428
421
161
872
346
742
792
348
678
378
406
983
344
2
634
380
533
392
689
524
49
851
46
360
458
574
222
992
919
785
156
793
19
621
879
386
793
477
138
281
129
44
429
620
71
196
162
413
134
892
519
928
874
464
501
101
125
696
2
347
340
703
973
247
356
306
12
297
307
97
569
53
859
990
938
466
371
695
409
947
173
831
411
88
514
116
9
797
903
157
73
23
955
883
353
320
721
839
673
975
511
856
661
356
511
727
56
16
879
267
975
914
880
562
331
34
108
650
855
461
281
345
638
875
921
753
363
472
587
554
432
338
851
233
201
633
713
236
642
588
27
6
437
783
670
697
23
436
153
43
404
790
455
107
597
593
151
637
273
183
849
980
22
22
160
252
197
267
135
670
295
599
54
652
236
308
969
911
767
802
510
388
452
32
686
819
611
918
250
828
497
240
947
183
173
664
296
526
441
616
977
702
841
90
221
414
849
116
178
692
970
589
567
32
619
377
231
947
165
938
212
367
118
449
945
801
277
245
639
532
637
467
910
581
791
478
976
336
624
546
444
531
84
102
960
418
743
420
830
778
157
564
168
765
697
311
555
510
384
85
322
315
342
801
141
292
432
71
532
903
549
394
751
55
646
116
828
308
491
724
329
466
131
295
79
497
483
436
274
516
889
537
872
698
205
61
266
829
655
959
786
52
6
253
795
432
454
802
544
849
242
277
988
710
651
552
730
950
341
416
181
874
174
191
12
225
989
942
480
573
692
637
556
798
93
234
138
48
982
728
415
301
284
818
488
127
506
728
827
324
53
469
480
260
7
906
484
50
299
998
957
808
977
350
580
646
466
484
579
223
396
991
260
491
992
963
115
808
703
387
599
309
460
880
582
681
502
771
636
790
661
679
34
598
964
208
439
789
957
844
639
451
469
469
657
50
360
303
344
302
623
834
649
44
228
961
28
988
727
728
170
63
602
741
86
783
191
620
905
61
23
512
826
970
960
518
566
490
797
728
686
454
299
980
215
521
388
373
622
259
717
830
576
64
236
714
755
626
669
910
867
509
996
837
842
117
916
123
802
74
117
425
880
982
179
161
567
773
254
456
604
189
867
265
750
392
418
965
185
306
484
634
482
820
907
827
879
18
843
386
27
870
112
979
590
783
355
994
762
74
825
417
507
962
315
285
142
250
531
665
650
117
579
59
698
815
34
338
183
650
921
940
106
736
597
352
443
845
168
248
540
292
124
408
191
882
765
952
824
289
697
648
14
216
798
576
814
779
258
805
918
872
62
827
363
416
321
201
974
109
864
228
929
353
596
431
738
100
571
308
620
844
710
309
491
942
696
315
804
717
460
815
426
661
19
940
902
511
42
400
187
306
5
870
546
323
940
501
400
616
847
169
616
486
748
729
175
402
589
541
397
460
945
761
821
348
202
303
211
525
940
648
658
311
969
21
582
450
13
744
993
127
583
597
442
956
32
394
649
505
991
985
77
159
525
85
711
819
10
277
377
458
37
396
308
541
322
542
886
100
111
719
387
640
579
459
487
215
814
762
668
125
414
453
40
827
873
991
544
171
12
702
981
411
582
474
151
446
263
484
328
764
128
399
380
562
257
747
505
113
528
375
478
477
822
567
316
135
28
131
754
703
840
666
519
207
430
295
627
277
12
536
985
551
310
263
899
843
776
394
844
437
739
853
384
843
120
840
877
621
705
603
464
189
581
671
898
930
478
438
987
228
797
234
377
50
334
302
278
46
841
139
523
779
436
433
597
969
665
401
896
515
316
109
703
285
271
943
104
842
485
450
937
289
537
74
149
794
287
679
226
392
100
459
632
25
923
742
915
252
431
533
951
939
533
932
523
899
870
63
26
153
8
770
290
830
637
673
35
539
315
975
588
299
524
127
238
203
190
299
671
359
192
270
813
123
37
374
841
9
928
81
268
323
172
87
445
36
765
99
743
435
870
657
245
236
444
252
704
672
645
730
92
890
574
746
449
148
565
286
999
695
386
616
536
583
282
47
740
885
284
526
40
916
872
708
539
536
350
462
973
754
779
148
633
786
136
237
39
239
466
154
556
132
979
996
618
964
598
512
389
263
70
682
531
738
481
396
343
746
739
486
40
166
714
331
536
501
787
95
765
297
360
306
401
897
889
718
617
363
215
635
805
90
934
271
196
447
498
798
346
558
830
969
676
463
450
831
776
84
918
555
321
709
676
991
308
196
381
207
518
471
469
216
757
489
264
181
223
438
263
975
809
899
548
647
971
304
167
878
833
372
243
597
33
780
232
159
165
800
146
162
543
20
351
4
19
134
691
270
255
826
3
393
586
456
733
117
266
989
574
299
209
615
381
711
970
442
574
592
54
818
33
573
599
770
548
766
492
141
367
886
528
730
836
895
162
497
459
834
100
591
513
745
188
322
864
555
620
487
831
248
573
100
547
466
392
734
547
131
468
487
216
76
301
555
445
726
264
490
163
884
525
699
918
427
541
909
288
75
373
961
806
928
173
981
854
578
257
145
243
158
491
651
471
593
646
788
872
576
450
882
545
469
843
481
717
476
429
578
364
531
126
863
857
101
287
765
3
838
3
67
342
721
521
925
605
757
134
252
147
440
715
406
522
719
325
918
319
505
520
80
299
493
539
998
784
443
261
700
356
559
349
419
458
686
991
503
566
482
392
337
253
424
827
233
547
169
639
83
712
581
979
512
56
827
133
658
633
478
44
442
61
290
936
416
921
819
831
993
755
428
176
21
424
101
363
305
71
708
438
990
228
545
728
997
23
48
923
534
978
124
677
91
945
8
784
597
679
359
51
54
683
556
695
308
237
40
243
851
60
880
909
407
173
224
931
308
215
348
1
739
645
371
592
960
690
589
72
310
677
2
598
584
410
114
455
391
844
778
496
65
327
863
58
4
285
194
747
820
824
991
857
362
314
592
946
348
132
258
638
913
789
997
51
939
954
800
763
794
984
107
506
317
129
156
918
737
468
934
198
316
962
264
752
441
275
600
787
520
524
569
72
678
879
388
444
823
593
382
237
856
291
778
619
247
951
296
786
344
550
61
644
745
31
542
62
465
686
679
81
762
879
321
906
989
772
973
771
906
315
162
37
487
510
735
107
887
805
869
873
15
73
100
962
238
869
221
54
23
674
605
702
247
138
270
776
464
651
969
709
764
229
933
592
142
3
508
523
784
711
57
489
541
623
963
490
390
904
308
748
87
171
21
709
342
386
802
39
628
147
33
382
111
711
292
988
869
462
737
231
950
693
917
241
327
388
593
973
152
707
35
661
958
401
322
203
803
962
14
955
179
787
375
254
386
46
439
734
45
842
893
913
659
183
336
107
276
41
258
449
636
918
222
890
659
522
989
781
209
509
922
584
613
310
969
943
505
814
511
481
212
964
380
381
17
741
243
630
518
19
836
311
905
506
449
251
448
248
123
595
139
277
92
358
62
675
68
404
703
582
777
104
400
895
427
964
913
872
844
817
30
537
40
276
687
423
369
681
706
739
934
141
828
767
674
255
488
852
585
763
177
323
281
853
52
446
412
901
140
335
430
11
829
110
996
393
518
217
242
151
568
771
415
53
894
420
941
341
96
46
509
807
249
768
998
396
408
303
696
51
302
497
953
321
115
352
159
430
68
823
162
577
837
639
584
438
885
860
693
771
66
208
510
761
647
53
92
65
632
16
333
837
275
377
589
302
947
491
789
580
952
871
391
716
902
766
574
896
109
349
114
369
491
267
393
28
978
85
894
984
964
869
22
780
827
429
930
453
127
291
412
913
131
706
238
46
941
632
771
149
124
521
609
522
575
711
803
686
43
811
545
756
603
430
8
516
46
952
618
39
438
854
21
735
729
1
399
750
223
78
452
619
593
834
13
543
172
385
313
383
857
26
927
677
609
722
802
732
16
759
773
805
673
451
950
187
917
156
26
169
74
707
702
621
423
360
590
110
616
358
793
596
375
112
537
706
565
151
926
520
177
903
443
922
210
166
495
636
763
396
204
19
528
306
350
35
688
504
673
779
297
79
524
646
109
192
889
590
902
29
352
659
104
974
614
505
161
123
494
751
948
641
870
128
418
999
785
604
214
471
859
321
918
997
310
233
87
152
479
751
128
69
66
451
657
343
506
587
97
613
916
890
875
945
856
358
722
700
965
317
812
605
122
94
974
827
497
408
324
137
497
816
305
410
745
611
497
173
847
265
376
390
29
620
407
963
123
700
399
343
22
330
898
899
886
306
12
345
848
593
488
640
150
498
594
878
107
320
961
273
72
643
827
295
81
749
769
767
163
943
513
530
613
57
316
890
439
410
122
478
8
753
874
679
272
365
524
651
188
494
774
858
902
480
141
51
540
186
164
238
794
878
247
731
721
699
676
686
846
140
847
24
196
842
487
437
219
286
494
965
523
804
637
771
360
289
724
928
14
880
595
515
273
52
627
737
418
700
213
315
321
622
151
927
419
816
430
831
556
896
981
411
973
462
232
766
435
98
915
19
609
314
382
912
844
930
427
59
173
737
0
44
642
245
294
912
580
275
76
809
941
930
158
489
342
497
172
143
584
458
610
221
668
509
514
113
865
758
41
92
619
744
553
114
609
325
913
139
935
864
213
205
776
961
828
111
665
71
533
7
324
714
286
810
882
77
596
770
227
995
861
480
784
960
45
417
75
647
497
995
222
348
50
491
521
210
841
340
163
129
539
277
155
857
724
83
480
826
857
2
366
348
601
107
198
890
672
733
410
178
93
15
510
361
6
7
974
351
621
323
236
706
91
288
877
197
562
783
910
140
479
45
665
777
464
687
580
470
642
753
344
517
877
833
465
213
873
928
448
774
263
182
671
266
889
749
769
32
517
856
769
679
487
639
738
507
747
248
276
250
625
330
137
143
146
594
132
675
792
566
1
650
110
881
870
542
131
643
992
637
606
718
272
951
219
672
694
908
615
238
572
498
153
842
859
840
998
103
539
195
457
559
235
757
499
247
924
2
201
465
617
725
10
704
376
836
449
420
531
369
585
878
428
390
796
549
511
150
652
715
49
744
643
175
601
912
380
472
170
254
69
66
884
267
526
941
779
6
507
53
26
102
471
460
381
694
284
860
21
484
160
33
151
624
981
959
141
755
756
4
759
178
776
393
519
169
260
508
743
632
156
714
891
81
732
722
798
251
993
588
621
98
699
864
213
153
661
865
338
108
438
698
337
81
816
869
540
299
193
606
874
32
678
379
263
703
718
619
967
644
125
768
887
697
845
991
312
304
664
198
512
38
212
129
767
697
882
865
412
450
304
162
117
333
925
81
177
849
345
888
89
924
884
673
697
867
305
908
419
156
122
226
3
277
542
662
741
352
364
45
179
13
356
57
227
766
54
254
801
374
443
495
993
468
333
650
622
64
56
87
799
563
689
959
728
452
536
122
525
892
102
581
682
922
864
216
527
607
906
806
759
401
268
890
148
0
907
690
744
612
768
356
948
394
850
52
71
75
66
596
79
856
554
585
833
853
255
719
862
302
856
741
837
797
805
102
684
357
730
886
961
736
282
518
577
991
55
222
221
615
275
91
966
68
162
867
61
441
149
372
549
103
293
624
2
255
34
857
604
981
337
877
885
423
461
597
435
637
687
457
35
357
791
425
352
813
713
347
793
412
29
751
216
49
1
94
355
466
863
387
745
182
107
203
841
974
623
317
954
650
89
167
270
677
783
126
398
236
892
689
353
154
504
540
367
731
783
680
732
210
982
142
871
622
433
869
85
125
737
749
282
749
44
411
342
819
850
266
238
757
52
758
166
135
876
567
271
228
342
870
20
275
223
43
990
788
539
620
304
953
950
616
523
633
244
73
957
28
635
158
487
155
259
890
213
739
180
189
568
302
161
354
793
965
73
880
999
622
51
800
877
747
179
946
531
698
643
475
613
860
212
935
886
678
120
412
616
785
909
978
734
30
404
638
935
878
113
851
171
450
627
172
152
251
103
857
622
61
290
886
327
517
945
709
576
395
930
643
714
141
196
713
728
582
93
108
792
824
972
393
818
330
875
234
18
101
859
731
840
514
313
785
163
774
565
184
597
447
53
61
13
955
992
763
705
705
618
863
430
609
250
447
232
462
895
829
503
91
948
344
562
770
297
619
508
385
724
462
6
815
939
912
479
104
775
0
140
663
394
393
263
261
276
716
36
474
688
112
304
928
205
936
433
874
440
501
692
48
263
106
349
270
941
415
260
832
193
720
63
216
43
282
112
43
728
967
965
341
919
78
782
65
573
236
154
816
608
385
855
802
105
975
537
960
249
709
70
40
189
770
783
672
162
826
517
98
743
20
516
891
91
45
525
1
705
852
988
672
511
62
430
313
274
103
223
173
304
968
132
292
429
385
723
272
213
154
269
809
399
443
159
39
295
466
594
253
402
703
861
178
579
406
1
104
788
775
468
383
847
200
880
451
419
175
933
464
402
642
955
663
431
45
367
209
175
256
748
987
586
522
43
211
951
422
366
374
168
39
914
522
888
704
546
339
504
218
50
951
142
90
639
542
835
317
67
896
809
617
693
689
435
793
659
79
67
774
680
272
801
778
240
337
49
142
171
720
814
149
925
137
589
161
681
645
20
897
21
288
246
402
594
583
974
886
164
688
780
758
652
954
767
110
615
870
759
981
160
494
126
645
363
457
162
685
937
893
162
91
352
718
12
668
154
360
746
407
701
820
401
50
50
213
59
507
879
851
509
194
768
618
846
699
86
69
519
108
265
876
584
71
990
82
647
287
66
446
942
190
772
258
890
49
902
197
966
218
250
546
90
5
859
336
217
858
445
251
888
810
219
97
692
162
421
651
630
90
522
163
207
221
491
749
637
689
132
975
324
743
532
397
575
880
162
35
584
146
903
126
146
361
412
928
775
738
459
915
940
166
585
178
436
640
243
158
66
442
48
386
364
293
309
812
97
597
448
976
440
588
886
668
26
571
190
375
147
71
314
68
229
621
94
759
171
740
997
930
859
297
431
612
471
691
104
946
690
370
999
171
627
372
563
712
166
909
717
820
195
357
279
30
707
324
459
193
384
739
273
386
473
676
965
727
241
831
81
304
966
902
647
604
724
661
793
31
499
969
718
646
867
138
516
14
232
53
151
410
81
211
490
432
76
272
863
380
784
595
873
783
281
961
915
51
559
642
168
488
976
152
576
828
532
674
448
961
868
892
505
446
577
566
549
823
886
34
157
375
567
683
786
554
442
71
347
184
667
850
786
892
767
760
158
330
86
53
332
387
286
239
180
55
756
539
122
749
273
135
801
621
28
860
220
653
780
497
945
887
508
599
131
225
325
443
293
739
753
339
265
266
711
680
76
822
129
861
63
157
107
282
157
845
338
861
47
851
132
65
38
555
29
413
942
315
4
185
301
383
572
192
353
658
576
978
110
170
983
645
641
106
645
809
669
802
632
220
789
729
204
60
823
969
622
980
887
850
445
908
84
803
154
899
279
458
223
392
447
608
90
132
623
681
898
516
989
256
445
692
866
959
679
451
141
100
222
314
201
128
412
467
881
576
413
352
209
658
283
993
314
667
141
299
804
59
471
947
319
997
355
521
100
215
186
245
805
602
16
135
789
999
973
777
160
52
501
998
551
574
364
756
960
662
19
979
26
637
768
165
300
983
990
47
914
305
268
454
308
195
354
478
131
420
275
56
864
643
587
539
274
450
322
4
351
570
349
649
748
347
444
957
620
675
934
284
251
146
820
976
534
835
332
607
178
521
16
114
940
814
791
692
976
71
30
424
391
947
775
872
770
270
615
33
876
732
692
474
435
987
247
137
688
127
958
43
458
645
572
78
379
372
744
121
896
204
722
584
783
204
340
267
620
918
445
874
211
842
96
994
626
908
756
629
793
961
34
448
137
81
298
630
464
973
505
354
547
423
359
365
785
594
638
721
85
749
925
839
224
881
854
87
831
577
437
412
540
325
577
30
382
943
507
945
785
820
954
767
50
464
846
53
936
411
331
36
835
973
600
717
964
171
370
748
908
858
332
223
537
700
466
540
808
971
932
19
890
956
732
249
167
833
974
834
482
932
691
372
208
663
374
530
433
433
558
583
218
241
114
825
714
128
518
351
555
359
384
308
344
967
644
402
192
594
492
643
998
520
839
723
28
469
444
124
301
573
662
364
148
864
378
287
754
6
269
734
739
828
648
379
607
210
135
531
57
533
852
314
478
621
387
71
920
986
756
680
62
734
500
240
842
342
262
324
468
281
626
865
217
707
927
183
659
859
309
813
531
200
111
452
743
896
159
491
934
769
171
946
3
412
849
396
307
107
465
290
34
858
853
970
338
339
5
846
548
243
99
568
707
116
277
507
317
965
757
501
766
507
304
586
301
348
202
823
202
292
684
797
212
30
280
253
306
541
350
561
926
316
824
726
258
815
115
858
787
542
158
336
383
207
334
942
795
264
677
4
893
722
637
981
284
429
286
555
717
98
415
277
197
601
853
406
687
380
517
695
252
791
908
854
358
193
676
371
798
520
226
107
325
186
424
737
443
684
174
833
743
109
106
801
830
636
321
251
630
412
691
302
679
963
599
9
11
613
266
469
313
984
366
491
306
635
291
896
942
196
59
183
716
566
839
969
74
168
46
633
164
185
71
452
376
293
697
106
836
556
879
594
786
377
23
378
430
515
595
71
982
881
275
550
485
432
807
796
245
476
252
992
417
945
320
823
338
302
818
384
71
192
605
848
648
764
56
866
504
587
837
803
360
403
626
362
17
674
343
848
912
50
67
19
789
29
326
539
61
507
776
550
182
224
266
227
908
3
766
488
400
981
840
503
276
69
216
937
795
163
605
49
244
560
647
926
791
648
840
275
754
548
506
322
25
68
899
990
79
712
786
135
432
894
890
844
924
773
916
745
73
156
312
415
794
191
489
799
217
923
993
188
861
221
603
450
127
65
683
85
768
514
848
640
719
356
212
591
156
251
627
426
997
155
403
33
231
361
980
477
443
801
929
921
787
631
914
796
182
308
763
977
292
98
389
161
223
933
63
840
944
563
42
131
675
811
18
624
397
36
908
648
935
975
439
365
643
540
909
330
653
300
966
92
15
90
228
9
234
743
91
96
940
716
251
681
877
529
813
116
218
829
84
258
303
606
92
95
56
141
579
565
640
382
768
371
897
451
860
367
837
239
415
963
64
757
183
87
752
799
552
885
464
61
895
17
888
31
760
329
287
187
11
143
106
220
45
16
32
520
822
731
901
374
273
602
313
786
887
150
406
687
443
818
54
222
443
525
103
101
42
293
393
922
513
939
657
895
336
777
211
230
529
502
695
294
650
941
512
45
238
788
967
794
386
677
883
246
24
941
998
665
140
210
540
307
286
569
642
643
909
850
308
773
7
793
619
604
692
389
532
96
313
211
278
742
117
618
7
786
537
823
878
718
805
359
284
457
778
137
415
885
205
195
985
990
538
782
918
339
142
833
873
301
547
844
489
762
96
292
472
139
56
210
623
13
548
168
326
262
552
852
230
162
656
121
740
347
631
909
964
444
183
373
242
23
17
715
767
261
982
795
537
668
658
58
876
61
318
635
342
91
808
264
472
712
543
560
169
980
443
887
361
360
841
825
155
479
754
858
910
712
197
38
461
537
267
790
599
139
218
139
826
204
600
864
420
749
104
586
642
503
460
867
766
789
274
423
31
320
73
878
398
713
329
49
21
63
170
638
730
78
475
469
352
69
674
664
64
946
406
735
281
135
570
669
923
375
463
74
642
866
198
329
786
825
192
642
252
397
236
298
147
685
628
432
954
765
104
165
572
102
929
353
879
18
920
225
657
27
627
98
24
174
294
609
181
65
754
96
409
217
696
602
190
544
987
121
835
949
138
817
41
938
624
476
730
896
913
39
37
628
675
428
110
590
541
692
901
757
638
415
680
95
780
867
429
506
49
337
26
833
779
636
306
353
854
965
550
952
25
404
645
114
813
176
456
463
98
794
665
442
359
264
867
77
64
82
163
151
52
27
26
776
221
356
759
46
742
674
66
420
659
811
84
342
753
554
660
100
350
131
74
712
586
817
645
110
587
262
909
978
641
115
225
439
109
821
908
565
837
643
873
696
635
426
729
496
410
512
724
938
624
710
351
241
182
922
564
853
435
833
895
649
910
130
97
875
863
207
310
16
893
76
185
248
559
949
731
277
662
874
137
186
600
91
210
202
797
67
301
807
157
780
686
70
99
444
822
341
369
916
936
453
286
724
984
16
927
377
570
635
51
227
242
332
547
856
415
361
935
724
127
708
241
127
652
511
404
446
257
533
810
112
256
173
136
73
983
353
651
800
244
30
76
894
756
327
339
944
128
14
183
846
756
471
507
842
20
227
562
946
14
589
437
538
523
709
805
946
139
873
854
770
640
586
961
554
716
202
192
253
497
479
206
602
93
3
462
551
406
604
681
518
310
832
764
780
630
941
656
531
704
946
744
640
908
866
462
412
545
383
866
755
360
52
399
206
861
286
958
651
96
35
339
41
262
623
371
954
388
386
236
100
696
272
485
541
636
858
865
421
122
800
8
759
940
548
917
612
742
717
273
956
976
544
106
606
639
997
623
743
56
943
735
256
731
657
449
946
210
992
81
469
8
933
745
566
285
116
883
118
832
415
502
632
864
67
805
357
683
524
583
918
682
669
596
33
764
555
921
782
408
158
414
903
429
501
382
213
244
926
53
873
723
586
431
342
918
648
248
707
326
111
862
291
721
480
239
98
217
212
775
915
377
949
895
768
756
872
996
892
957
380
610
416
227
0
298
245
336
942
627
616
124
808
715
198
665
874
620
255
278
311
561
640
261
156
234
507
353
659
915
721
9
700
491
776
2
548
516
974
918
571
227
458
503
224
58
806
622
712
818
863
36
13
688
242
240
534
132
255
951
35
679
709
474
971
616
213
536
409
220
795
593
593
135
117
976
682
550
516
398
244
445
82
812
798
12
524
603
411
262
605
945
464
395
97
565
811
976
315
591
319
594
773
914
903
54
844
208
664
894
33
804
494
943
286
814
723
87
520
539
955
339
176
391
829
272
905
91
254
896
383
758
237
4
402
880
50
887
590
282
769
143
364
497
956
408
696
588
617
198
488
840
236
246
845
186
304
853
843
43
167
995
20
392
4
909
419
51
748
249
191
402
195
281
124
318
894
515
576
958
61
108
606
789
26
423
341
288
205
286
44
451
696
997
100
444
21
558
590
409
738
769
681
828
480
709
968
561
164
834
351
495
506
691
573
129
826
876
109
237
113
329
515
271
969
277
609
872
610
906
202
627
858
53
918
620
852
843
905
811
932
146
358
239
815
835
408
324
588
289
704
785
635
961
374
818
677
737
300
865
951
136
598
362
183
193
682
813
139
971
204
924
101
123
750
670
927
541
220
264
153
221
786
674
19
792
648
366
425
181
401
43
722
29
597
131
370
963
188
776
442
271
706
81
901
811
635
796
148
16
206
30
609
518
776
691
351
134
740
10
595
184
683
872
635
97
583
793
768
668
533
801
100
843
726
568
318
897
708
81
464
433
891
159
921
522
260
425
231
465
99
68
328
815
606
517
572
648
64
246
932
106
232
504
471
931
538
17
697
843
843
852
610
333
610
795
752
747
482
708
722
591
537
467
686
669
668
896
409
565
915
16
767
245
129
320
576
582
889
469
483
6
466
236
675
697
502
902
107
707
919
912
401
865
832
518
864
892
39
146
947
126
763
798
559
120
762
670
273
125
908
629
925
190
381
332
848
687
12
57
56
80
696
262
685
310
649
96
216
914
696
144
590
817
45
253
516
506
708
860
889
551
955
156
514
357
937
507
988
890
907
212
352
547
26
412
898
696
125
708
852
602
918
137
611
996
841
146
537
893
799
618
292
195
388
559
279
162
537
443
815
247
952
756
658
259
511
755
722
15
987
323
776
230
775
106
618
45
531
299
543
35
640
827
963
549
881
80
672
38
944
290
867
623
338
677
835
422
387
781
536
98
196
194
675
965
330
631
534
179
484
993
709
352
123
95
797
761
357
409
95
773
801
96
469
874
628
858
977
107
742
941
38
722
671
730
273
789
387
38
981
647
901
757
589
729
243
284
792
763
811
988
923
347
199
397
90
448
490
650
498
706
727
129
741
808
536
404
880
94
956
602
663
789
649
271
908
3
3
788
532
775
56
645
912
602
860
869
593
375
272
496
910
677
741
167
229
712
131
228
96
260
589
21
982
647
592
926
956
910
7
504
473
394
896
469
158
149
887
431
29
210
43
130
491
934
285
866
179
855
283
425
13
365
330
432
759
436
386
517
846
913
946
906
164
496
397
466
564
816
789
888
263
617
465
884
372
150
350
787
534
275
692
472
593
690
316
774
741
184
442
652
681
834
492
105
897
229
448
856
903
890
912
810
762
499
236
764
785
710
319
123
995
651
661
296
489
38
253
752
380
81
561
482
91
109
588
50
1
485
705
986
635
757
967
562
949
24
250
364
92
970
819
185
56
206
346
346
179
621
250
194
441
545
524
466
890
421
88
714
168
991
541
265
516
922
521
981
73
470
856
247
139
491
808
150
879
504
625
21
745
450
120
7
336
738
866
219
785
936
41
490
363
531
152
787
145
779
332
121
100
641
186
365
399
585
41
789
471
923
124
923
186
210
546
647
223
567
185
337
842
961
748
854
505
904
904
724
113
752
249
127
323
939
870
456
259
762
119
227
473
507
399
787
935
461
305
708
660
603
292
262
652
935
556
327
389
217
68
973
925
34
100
101
564
344
209
950
247
315
667
116
992
802
891
825
265
686
532
518
627
62
388
551
138
914
503
725
145
523
726
449
875
590
458
550
930
633
343
492
470
528
213
335
876
228
936
733
240
307
346
551
339
854
313
9
836
576
944
513
287
172
982
375
987
486
979
790
643
167
648
473
93
337
166
109
978
662
255
214
590
477
511
972
711
477
789
747
786
276
902
241
470
106
235
506
433
917
840
677
104
936
957
414
254
109
191
871
138
631
664
343
982
995
137
815
590
262
654
349
154
203
108
960
370
633
542
714
45
727
620
291
589
366
957
913
150
103
181
850
928
909
662
715
386
231
328
545
209
132
165
254
261
95
35
359
277
176
248
153
770
715
456
656
339
433
196
750
848
229
380
244
96
761
872
567
629
697
255
912
287
524
217
920
416
442
833
222
374
252
638
874
519
384
986
380
771
196
247
341
42
6
258
446
747
96
128
826
193
961
585
638
262
753
927
48
157
203
521
506
977
545
394
627
817
181
889
720
330
322
360
982
593
631
686
344
241
946
310
620
699
427
381
761
603
201
80
503
981
192
959
716
454
59
175
277
964
622
958
785
554
104
274
184
335
935
282
330
184
8
964
593
696
101
989
476
102
339
213
245
933
544
576
177
268
132
86
446
716
372
353
167
907
155
77
597
183
797
911
689
965
853
531
369
165
389
221
274
196
507
404
160
584
62
300
711
765
747
367
411
364
223
330
3
755
335
399
881
895
497
825
722
146
697
930
520
82
538
848
156
947
342
41
478
160
569
507
636
68
94
342
631
28
120
101
179
24
400
37
640
414
721
395
642
595
247
187
353
700
969
132
400
867
148
111
954
116
653
9
672
76
379
383
265
345
423
217
143
612
344
474
962
153
69
390
274
343
536
832
549
588
939
153
131
229
280
922
706
185
790
114
212
368
809
358
446
353
88
107
828
155
56
882
989
893
524
463
499
212
495
352
329
446
810
367
236
683
794
523
159
695
319
808
612
183
953
777
962
27
633
916
964
375
859
189
806
40
207
885
553
776
471
352
184
51
479
843
249
163
871
765
429
846
394
569
228
549
345
78
237
550
139
258
185
545
0
335
960
569
537
785
630
881
943
173
965
504
742
911
510
428
825
981
106
414
661
972
318
532
549
505
300
737
986
996
352
715
451
855
261
196
272
473
442
583
913
712
164
53
992
321
128
105
792
557
227
544
509
222
255
598
929
956
245
859
230
674
745
891
825
823
575
711
302
716
406
210
1
719
557
881
81
981
309
931
642
528
380
27
652
996
15
794
192
965
237
347
688
18
112
864
979
513
516
963
184
432
790
947
707
931
512
492
971
965
717
815
942
22
987
23
961
274
369
6
726
19
802
374
221
926
626
995
786
356
273
255
975
337
478
681
242
572
343
572
734
626
391
18
484
733
844
780
165
839
380
387
738
971
792
576
691
850
325
741
87
125
824
732
979
50
251
410
160
379
699
422
78
979
922
848
972
266
858
456
675
69
679
562
758
31
173
412
599
467
480
954
434
512
413
821
156
120
749
870
980
279
843
882
406
223
96
506
223
156
96
774
562
744
505
254
231
509
852
170
668
724
564
596
242
702
449
33
890
615
125
470
127
150
338
890
996
946
193
180
606
63
890
129
500
942
920
16
969
142
347
878
665
946
701
423
297
989
343
946
869
324
576
341
367
483
366
646
521
984
23
522
263
730
482
674
241
687
52
94
622
214
499
203
982
363
77
979
291
368
377
202
964
621
593
212
483
477
583
817
262
392
103
15
979
246
141
221
767
192
516
127
189
580
336
113
689
284
854
755
642
569
582
491
543
909
958
427
734
600
450
104
494
607
130
503
861
712
594
975
713
740
252
366
609
393
839
476
901
436
743
202
363
709
95
578
283
507
64
707
308
296
172
297
582
826
24
551
84
640
296
377
690
838
208
272
748
698
910
514
522
347
89
627
88
261
37
919
834
98
119
960
18
170
902
215
902
692
178
165
967
43
406
681
531
236
479
59
401
898
416
562
650
679
689
936
223
330
429
550
453
770
668
304
14
524
915
89
758
797
235
216
921
51
323
557
53
829
872
864
697
488
481
309
822
612
689
528
683
796
80
873
750
780
72
477
915
713
849
378
120
941
211
901
40
32
17
921
964
800
810
846
803
472
547
811
223
73
325
912
512
401
890
374
242
722
568
867
105
334
592
766
367
89
156
720
588
655
482
346
25
426
835
974
44
425
621
170
582
428
914
91
307
684
512
165
751
518
54
505
340
476
521
422
980
122
190
732
554
790
975
683
418
352
683
807
200
682
285
420
566
940
120
434
236
49
561
576
352
40
740
567
802
249
591
191
385
723
125
477
611
194
713
596
507
414
99
937
654
269
103
287
725
937
669
280
942
641
269
101
761
853
834
955
477
144
853
704
513
729
383
314
934
785
383
105
877
765
14
751
134
539
694
355
420
543
480
442
560
900
874
941
371
644
105
273
201
255
572
920
593
868
721
148
569
78
412
667
369
880
781
289
64
568
472
90
238
519
605
224
721
36
209
277
469
362
25
783
122
434
798
937
998
974
794
331
349
297
624
21
372
862
221
526
932
696
43
296
501
568
257
830
686
828
453
945
872
5
61
257
985
76
134
815
304
705
76
639
8
776
922
638
42
467
664
482
370
85
868
881
324
348
947
369
13
318
69
278
532
940
112
849
518
617
430
162
980
950
838
253
693
907
125
450
565
952
810
344
137
904
416
778
625
128
237
1
241
1
293
72
927
594
130
205
777
142
707
616
444
974
402
45
145
723
556
329
67
293
451
384
757
842
924
676
782
106
512
766
369
237
260
305
333
97
312
719
151
229
420
281
889
42
335
107
98
462
833
467
101
753
39
687
927
16
390
724
195
974
146
648
631
674
64
439
977
310
528
106
899
949
566
51
247
303
395
657
586
405
431
723
904
490
458
261
982
815
344
125
782
75
267
617
933
273
352
475
974
823
971
72
174
265
632
965
288
721
963
573
697
165
687
676
438
604
991
934
403
719
299
566
246
706
182
605
796
578
697
153
453
965
792
257
724
128
494
391
631
125
406
397
70
163
798
872
544
887
900
149
896
274
181
609
314
26
646
194
352
420
380
316
104
560
854
837
805
958
636
725
33
936
916
161
122
587
307
398
728
890
508
486
969
822
962
51
881
5
108
932
882
203
350
409
257
464
521
895
646
70
331
728
612
728
426
440
744
774
38
44
939
208
34
583
612
210
11
760
153
741
687
633
675
231
259
261
434
737
538
438
543
835
575
448
115
493
434
465
496
63
921
279
164
812
660
651
781
989
946
697
91
420
516
401
812
308
266
272
277
263
626
478
535
608
930
623
44
175
251
1
214
80
875
829
617
202
818
83
861
237
450
971
400
732
667
228
724
744
690
795
915
0
213
986
986
24
17
70
416
755
476
137
294
882
64
993
708
5
249
1
259
339
467
144
186
367
143
602
741
651
749
555
152
23
643
294
865
17
594
423
980
972
214
134
594
487
243
108
272
706
94
728
715
755
126
480
932
210
664
244
741
538
350
166
393
507
576
407
47
809
927
293
775
538
151
808
645
540
274
967
28
705
497
418
186
691
487
887
394
590
878
700
938
85
489
124
150
599
274
243
285
536
419
486
194
563
413
887
382
332
794
557
437
123
327
649
446
499
347
667
331
982
109
179
301
729
105
217
226
216
328
866
625
69
228
801
866
169
408
69
610
461
362
711
846
608
344
662
278
296
944
74
52
800
943
716
676
750
187
254
357
818
875
118
176
168
289
920
428
15
80
837
100
873
72
487
649
547
788
112
292
349
888
339
66
767
29
27
864
107
390
750
818
33
294
948
908
220
305
389
611
628
280
54
367
59
783
137
293
611
963
478
800
451
673
197
358
587
972
258
968
143
594
289
1
3
160
860
277
455
591
451
915
619
595
496
214
77
840
530
949
790
468
855
870
683
749
137
753
889
683
383
957
318
71
471
682
640
768
880
153
996
821
586
625
532
835
664
623
223
945
118
559
809
357
279
795
741
762
46
91
844
469
484
122
929
186
43
335
513
540
880
495
338
754
713
508
178
382
166
202
146
234
316
853
164
195
420
930
326
543
729
880
508
904
553
976
852
83
815
280
931
17
241
865
251
857
575
882
931
583
108
738
506
430
96
366
978
51
6
433
835
326
1
811
981
955
68
908
116
275
127
174
237
341
867
927
384
395
431
495
662
319
324
902
519
893
259
219
607
694
225
32
129
408
285
802
812
80
318
913
410
563
82
358
541
923
387
123
367
821
427
901
114
415
992
94
432
693
409
134
751
706
34
66
500
432
356
987
981
238
147
227
193
968
311
445
565
551
228
794
694
534
850
766
433
307
928
308
519
810
140
199
719
865
762
29
110
348
295
680
597
896
649
1
134
819
436
410
575
899
316
879
164
799
393
556
186
562
630
188
284
331
566
109
269
917
417
844
401
202
279
146
636
586
921
554
607
233
698
983
925
927
66
727
741
806
106
387
880
307
578
214
195
162
673
243
162
9
785
321
51
592
949
105
543
286
904
70
280
187
452
774
63
904
951
893
762
808
598
743
283
696
114
827
119
954
327
119
808
660
670
837
376
530
602
188
170
192
4
164
937
653
132
276
68
205
387
553
451
715
860
618
366
969
344
957
849
304
911
143
690
442
164
575
476
573
736
37
438
49
950
785
775
701
230
264
937
772
641
926
315
373
737
23
68
188
255
614
333
95
732
584
870
723
426
982
146
520
455
816
310
465
782
34
766
189
956
400
326
894
473
256
582
442
872
395
829
557
632
277
565
10
876
157
665
110
236
781
472
542
430
324
66
81
528
945
542
3
366
791
493
184
567
127
911
499
590
1
11
572
41
725
311
191
630
967
399
360
388
210
581
750
917
334
18
955
118
330
524
666
956
113
84
988
266
584
262
636
542
246
308
951
909
413
226
351
252
998
936
182
548
54
992
174
437
777
54
657
326
314
645
217
214
668
698
734
54
731
334
818
149
611
833
577
405
184
455
787
703
103
992
246
352
340
168
436
948
726
205
687
391
241
768
263
402
293
508
897
20
196
948
345
227
742
402
971
250
586
643
175
25
310
1
881
565
158
934
303
519
922
897
60
607
297
257
861
696
633
857
527
389
454
323
140
139
436
115
177
972
708
263
533
159
725
305
758
314
658
274
192
247
75
376
302
615
468
160
996
184
126
877
98
677
727
884
970
594
499
149
5
197
596
564
496
204
562
206
586
297
462
798
334
755
4
495
823
128
946
485
707
710
37
917
175
348
629
18
865
145
932
870
422
810
939
878
464
321
722
988
879
809
915
856
925
138
471
501
704
75
888
687
207
924
874
692
799
645
621
310
797
54
133
445
421
893
516
628
607
811
721
324
575
376
862
219
497
396
878
329
195
786
249
251
218
88
252
954
384
496
869
591
15
599
117
234
905
23
727
875
850
622
765
396
205
168
99
607
756
734
80
45
794
433
849
823
86
186
125
955
326
513
525
107
900
259
780
781
298
608
809
688
23
54
437
403
62
960
942
681
255
471
862
511
175
512
752
592
474
493
71
270
399
624
346
988
243
29
902
216
389
282
548
21
255
263
938
101
977
447
163
458
591
994
620
682
954
421
487
717
331
959
342
541
563
841
408
299
46
234
899
808
558
78
154
445
349
145
644
434
383
670
880
474
22
551
130
754
502
641
311
829
304
324
79
272
46
133
339
314
682
524
838
346
946
162
243
354
443
340
314
869
261
383
404
243
282
822
166
875
403
462
104
219
214
414
8
830
587
236
933
469
661
56
319
398
335
605
185
150
937
907
394
661
440
783
821
43
659
295
787
58
757
642
964
225
380
700
90
98
192
231
436
100
935
251
357
234
375
319
813
610
109
913
196
311
77
438
929
865
989
120
560
729
483
93
267
347
124
645
896
361
259
134
103
730
992
74
225
909
135
937
484
905
874
802
531
58
707
764
859
256
492
566
691
118
443
860
357
844
525
257
631
980
936
152
608
484
992
594
629
97
216
0
578
485
289
437
568
428
560
865
542
918
653
627
864
682
93
656
507
839
23
866
689
419
538
977
735
585
133
196
539
128
682
409
493
156
662
986
361
755
517
979
168
65
191
167
257
331
902
274
125
503
366
557
983
912
797
926
923
498
454
24
596
993
535
851
658
6
321
284
325
746
636
754
591
525
111
316
152
350
557
781
304
158
961
569
318
286
250
932
283
813
586
738
979
608
2
338
529
136
937
209
662
544
393
821
743
917
220
386
124
51
596
526
540
646
378
722
382
900
360
160
170
832
841
881
530
171
866
204
661
70
987
128
179
704
59
795
205
359
519
612
684
678
458
240
154
293
857
816
27
589
550
43
510
566
441
963
73
384
414
588
846
738
430
759
685
165
428
345
398
650
593
156
195
164
273
457
954
384
853
543
949
455
398
378
264
337
564
305
443
846
153
314
823
631
914
119
922
993
901
825
477
643
270
905
386
251
49
982
365
608
192
205
496
653
24
527
845
546
764
418
993
102
824
272
484
798
742
60
270
563
707
144
414
301
451
288
141
370
200
406
43
208
156
754
238
884
352
672
785
842
239
623
146
378
240
544
527
783
313
998
561
99
9
563
766
935
987
144
497
388
715
173
644
358
908
258
895
927
383
690
468
140
347
120
589
674
188
124
699
475
823
632
405
892
472
448
436
846
0
56
677
846
860
332
462
323
543
47
680
831
938
878
412
548
902
896
184
159
463
868
153
530
749
695
589
984
245
451
345
726
461
901
804
497
156
550
620
402
141
10
977
86
6
416
444
290
938
463
486
931
108
74
665
777
188
863
760
252
428
674
7
563
546
58
168
292
978
488
368
450
769
761
575
750
610
917
14
872
364
25
925
530
293
41
639
646
828
353
463
538
374
56
832
529
279
567
561
199
197
618
953
345
930
752
238
587
413
211
281
623
259
778
76
702
149
883
665
857
522
105
889
862
117
314
831
607
867
206
134
344
640
201
773
961
183
89
725
651
556
256
840
761
414
896
25
746
32
175
82
931
199
401
165
856
14
11
882
628
772
660
18
83
103
36
425
978
403
0
985
491
591
728
168
519
761
643
753
989
945
561
73
504
11
865
464
57
389
352
477
885
525
726
361
168
217
277
527
508
721
610
209
270
16
273
299
775
239
519
438
590
25
801
162
822
357
366
128
263
486
63
783
690
428
176
349
241
914
689
366
612
633
926
509
602
347
361
814
391
245
647
675
8
466
669
330
820
691
677
296
616
369
472
595
495
349
669
100
902
327
557
892
868
568
550
444
934
903
830
767
75
832
65
906
5
569
561
59
345
709
554
269
12
638
953
973
919
626
601
301
297
745
593
121
324
599
986
907
754
624
580
960
415
672
542
284
700
904
179
478
50
598
833
417
805
353
688
222
775
630
437
983
617
293
196
334
648
838
95
909
481
936
34
227
591
899
79
470
240
404
769
90
662
887
208
11
314
410
223
71
902
90
555
253
922
475
143
453
305
966
953
196
262
366
307
230
332
615
901
5
733
921
516
620
59
749
218
969
223
385
204
886
404
900
76
638
631
450
361
493
157
341
476
936
452
576
201
705
99
726
112
248
124
544
619
21
972
383
964
48
678
462
681
344
522
234
905
605
141
444
463
437
994
602
907
489
903
22
55
974
482
567
326
639
134
8
500
711
508
754
305
270
325
193
391
186
839
952
55
785
995
398
943
334
500
358
310
32
417
209
944
330
700
2
450
428
653
45
476
511
119
331
610
548
674
970
902
429
668
733
804
9
25
654
592
873
587
129
879
272
969
334
251
476
321
788
296
559
846
650
994
541
174
779
95
278
829
928
761
977
932
590
477
90
781
663
124
312
87
248
260
383
360
150
244
92
12
240
634
155
990
784
154
479
545
285
680
693
893
784
735
369
154
961
242
31
334
843
597
619
886
514
292
299
544
158
999
11
714
153
418
820
968
597
490
921
255
95
912
455
388
983
282
28
136
867
48
46
916
701
344
492
856
464
827
586
133
155
611
93
162
476
245
859
524
602
400
680
81
540
996
414
447
812
97
834
433
146
551
590
942
560
453
554
368
42
807
975
566
260
329
177
606
168
420
991
482
234
946
519
732
789
189
551
168
589
924
383
988
617
914
266
68
892
680
826
614
899
478
838
275
388
754
891
64
65
570
72
303
345
706
200
965
430
834
62
331
21
445
333
102
537
384
939
967
379
852
112
122
435
775
699
323
421
288
902
796
804
306
652
976
741
814
930
117
932
861
842
620
267
240
187
272
615
70
678
416
211
399
4
702
290
321
667
335
910
913
755
911
974
907
485
439
476
544
725
367
177
161
558
574
598
677
525
800
425
710
768
294
970
221
138
317
110
38
536
730
763
259
927
684
556
899
317
934
999
230
720
123
657
536
838
825
895
520
830
928
373
561
769
266
841
351
974
899
751
173
784
449
623
492
819
876
497
739
602
935
343
530
368
826
805
330
722
926
791
209
200
214
924
449
677
596
281
442
877
539
325
57
619
182
989
258
892
308
316
922
70
906
395
735
674
561
510
240
639
457
653
93
357
872
806
513
178
710
123
659
455
173
45
32
854
824
430
191
383
904
695
676
319
743
310
926
738
12
989
534
956
930
332
289
698
969
621
801
452
492
550
302
207
723
624
845
699
809
628
420
80
288
105
201
225
499
575
530
709
230
624
182
313
13
413
608
246
513
853
887
781
618
701
146
799
396
604
153
105
985
514
607
767
944
773
920
153
478
283
246
161
37
373
133
661
91
229
414
19
386
8
874
553
693
819
42
310
8
881
468
975
752
943
636
204
298
36
357
395
979
628
784
18
197
612
541
537
550
668
133
36
535
796
855
419
624
35
548
332
913
590
231
619
592
610
651
64
568
777
372
394
700
84
211
516
537
269
715
450
258
37
846
422
684
874
814
782
277
277
703
758
682
454
891
765
567
369
882
696
320
493
639
493
563
874
373
826
195
326
23
735
138
960
295
378
841
641
146
486
944
18
8
476
248
589
676
940
138
869
97
947
488
900
44
712
737
363
380
191
940
628
977
983
238
516
880
119
684
526
912
721
550
138
772
412
524
639
340
186
126
872
99
157
876
729
120
267
15
635
758
677
588
125
489
233
56
554
244
557
427
512
883
406
632
945
653
563
192
527
513
118
289
653
452
184
413
166
493
479
1
319
314
463
330
592
905
225
864
318
487
163
279
851
761
259
791
388
725
684
552
769
298
607
958
104
163
821
523
211
532
339
403
839
587
907
178
408
200
685
474
436
222
596
681
923
110
384
60
315
207
667
878
167
392
724
111
192
145
155
468
530
770
200
941
568
988
989
237
839
439
12
428
47
170
328
427
250
493
